    0     1.41899e-12     1.23293e-13     3.51242e-12     1.64379e-14     1.25342e-12 
    1     2.34932e-15     3.32886e-16     8.97734e-15     5.75657e-17     1.39848e-15 
    2     4.76123e-16     7.83532e-17     1.56517e-15     1.42528e-17     3.14362e-16 
    3     2.26760e-16     3.58844e-17     9.94640e-16     6.80407e-18     1.40955e-16 
    4     1.43166e-16     2.06697e-17     8.49123e-16     3.99843e-18     8.12509e-17 
    5     1.02402e-16     1.32328e-17     8.05551e-16     2.61532e-18     5.10523e-17 
    6     8.35533e-17     9.18039e-18     9.24336e-16     1.84180e-18     3.46679e-17 
    7     7.38878e-17     6.51990e-18     1.06521e-15     1.34205e-18     2.47760e-17 
    8     6.96378e-17     4.90122e-18     1.15755e-15     1.04157e-18     1.90445e-17 
    9     6.72766e-17     3.86504e-18     1.30117e-15     8.30291e-19     1.55836e-17 
   10     6.88690e-17     3.17892e-18     1.68192e-15     6.87748e-19     1.30437e-17 
   20     4.05680e-17     1.09242e-18     1.69032e-15     2.19061e-19     4.79376e-18 
   30     3.41379e-15     1.04983e-18     7.17624e-13     2.19253e-19     3.82411e-18 
   40     9.50258e-16     1.25363e-18     1.72400e-13     2.14475e-19     5.76115e-18 
   50     1.40118e-14     2.09552e-18     1.97065e-12     3.84404e-19     1.63174e-17 
   60     1.31777e-10     5.12562e-18     1.17105e-08     6.39530e-19     6.03102e-17 
   70     2.76304e-10     6.80507e-17     1.73167e-08     3.52198e-18     9.49231e-15 
   80     1.20984e-07     1.22517e-15     8.69055e-06     1.59409e-17     3.25453e-13 
   90     3.88161e-08     7.55060e-13     2.87691e-06     4.33218e-16     3.13706e-10 
  100     2.17489e-07     1.58925e-11     9.09396e-06     3.66957e-14     1.20862e-09 
  110     6.33942e-08     2.20631e-10     9.21599e-07     3.35634e-13     5.22254e-09 
  120     1.98791e-07     2.87009e-10     9.33034e-06     3.99629e-12     4.67033e-09 
  130     2.74976e-07     5.73157e-10     4.37758e-05     1.05858e-11     9.36868e-09 
  140     1.53448e-07     7.98333e-10     7.28078e-06     3.07313e-11     1.05685e-08 
  150     1.64740e-07     1.12709e-09     6.88867e-06     4.38202e-11     1.20286e-08 
  160     2.07159e-07     1.20264e-09     1.80988e-05     5.15022e-11     1.17155e-08 
  170     2.75955e-07     1.07426e-09     2.66765e-05     6.35392e-11     7.64696e-09 
  180     8.23832e-07     1.30968e-09     1.31861e-04     8.77637e-11     8.76351e-09 
  190     5.92090e-07     1.40143e-09     6.48266e-05     1.01002e-10     1.14603e-08 
  200     6.59468e-07     1.99399e-09     4.91986e-05     1.29762e-10     1.61991e-08 
  210     5.19295e-07     2.41136e-09     3.26676e-05     1.61815e-10     1.78387e-08 
  220     6.84912e-07     2.97689e-09     4.69512e-05     2.34620e-10     2.09789e-08 
  230     4.87553e-07     4.50855e-09     2.19691e-05     2.58696e-10     4.05749e-08 
  240     1.23569e-06     7.35575e-09     6.73183e-05     3.52964e-10     5.78411e-08 
  250     1.05163e-06     6.46102e-09     8.79198e-05     4.34006e-10     4.98354e-08 
  260     1.39795e-06     8.31972e-09     5.14438e-05     5.33952e-10     7.60588e-08 
  270     1.15012e-06     9.05349e-09     7.26611e-05     5.93110e-10     6.63327e-08 
  280     1.14252e-06     1.36670e-08     1.54229e-04     8.49599e-10     8.83171e-08 
  290     7.52790e-07     1.06683e-08     5.61907e-05     7.13829e-10     5.98498e-08 
  300     1.41830e-06     8.40321e-09     7.21541e-05     6.54649e-10     5.49127e-08 
  310     2.17517e-06     8.55195e-09     1.24565e-04     6.86423e-10     4.72466e-08 
  320     1.36499e-06     1.12751e-08     8.86224e-05     9.43150e-10     6.17187e-08 
  330     1.03567e-06     1.04165e-08     4.28485e-05     8.54537e-10     7.28257e-08 
  340     9.33796e-07     1.64580e-08     4.75147e-05     1.33258e-09     9.57201e-08 
  350     1.52343e-06     1.75302e-08     7.26574e-05     1.44990e-09     9.60527e-08 
  370     1.33157e-06     2.00757e-08     7.83317e-05     2.05334e-09     9.84300e-08 
