    0     1.41899e-12     1.23293e-13     3.51242e-12     1.64379e-14     1.25342e-12 
    1     2.34932e-15     3.32886e-16     8.97734e-15     5.75657e-17     1.39848e-15 
    2     4.76123e-16     7.83532e-17     1.56517e-15     1.42528e-17     3.14362e-16 
    3     2.26760e-16     3.58844e-17     9.94640e-16     6.80407e-18     1.40955e-16 
    4     1.43166e-16     2.06697e-17     8.49123e-16     3.99843e-18     8.12509e-17 
    5     1.02402e-16     1.32328e-17     8.05551e-16     2.61532e-18     5.10523e-17 
    6     8.35533e-17     9.18039e-18     9.24336e-16     1.84180e-18     3.46679e-17 
    7     7.38878e-17     6.51990e-18     1.06521e-15     1.34205e-18     2.47760e-17 
    8     6.96378e-17     4.90122e-18     1.15755e-15     1.04157e-18     1.90445e-17 
    9     6.72766e-17     3.86504e-18     1.30117e-15     8.30291e-19     1.55836e-17 
   10     6.88690e-17     3.17892e-18     1.68192e-15     6.87748e-19     1.30437e-17 
   20     4.05680e-17     1.09242e-18     1.69032e-15     2.19061e-19     4.79376e-18 
   30     3.41379e-15     1.04983e-18     7.17624e-13     2.19253e-19     3.82411e-18 
   40     9.50258e-16     1.25363e-18     1.72400e-13     2.14475e-19     5.76115e-18 
   50     1.40118e-14     2.09552e-18     1.97065e-12     3.84404e-19     1.63174e-17 
   60     1.31777e-10     5.12562e-18     1.17105e-08     6.39530e-19     6.03102e-17 
   70     2.76304e-10     6.80507e-17     1.73168e-08     3.52198e-18     9.49231e-15 
   80     1.21010e-07     1.22518e-15     8.69607e-06     1.59420e-17     3.25506e-13 
   90     3.88200e-08     7.55403e-13     2.87710e-06     4.33378e-16     3.13712e-10 
  100     2.17577e-07     1.59187e-11     9.10007e-06     3.68904e-14     1.20914e-09 
  110     6.34182e-08     2.20716e-10     9.23266e-07     3.37046e-13     5.22298e-09 
  120     1.99077e-07     2.87104e-10     9.40548e-06     4.00748e-12     4.67128e-09 
  130     2.75420e-07     5.73558e-10     4.37984e-05     1.06455e-11     9.37032e-09 
  140     1.53548e-07     7.98897e-10     7.28936e-06     3.08386e-11     1.05701e-08 
  150     1.64844e-07     1.12796e-09     6.89178e-06     4.39204e-11     1.20306e-08 
  160     2.07403e-07     1.20290e-09     1.81231e-05     5.15819e-11     1.17167e-08 
  170     2.77555e-07     1.07463e-09     2.69194e-05     6.36871e-11     7.64824e-09 
  180     8.28722e-07     1.31009e-09     1.32899e-04     8.78631e-11     8.76531e-09 
  190     5.97453e-07     1.40209e-09     6.52800e-05     1.01192e-10     1.14632e-08 
  200     6.60822e-07     1.99462e-09     4.92449e-05     1.30002e-10     1.62042e-08 
  210     5.20407e-07     2.41314e-09     3.27684e-05     1.62483e-10     1.78440e-08 
  220     6.87499e-07     2.98135e-09     4.75610e-05     2.37043e-10     2.09928e-08 
  230     4.92063e-07     4.51469e-09     2.23521e-05     2.60663e-10     4.05955e-08 
  240     1.24881e-06     7.37563e-09     6.79304e-05     3.57174e-10     5.78900e-08 
  250     1.06014e-06     6.54754e-09     8.89955e-05     4.45312e-10     5.02501e-08 
  260     1.40089e-06     8.39415e-09     5.15323e-05     5.46781e-10     7.62704e-08 
  270     1.15910e-06     9.07287e-09     7.34108e-05     5.99765e-10     6.64000e-08 
  280     1.14774e-06     1.36909e-08     1.54798e-04     8.57721e-10     8.83757e-08 
  290     7.58377e-07     1.06913e-08     5.66099e-05     7.22023e-10     5.98961e-08 
  300     1.42485e-06     8.41243e-09     7.23901e-05     6.59573e-10     5.49381e-08 
  310     2.20495e-06     8.57466e-09     1.26170e-04     6.94909e-10     4.72939e-08 
  320     1.37942e-06     1.12906e-08     8.93809e-05     9.49969e-10     6.17522e-08 
  330     1.03961e-06     1.04301e-08     4.30136e-05     8.62203e-10     7.28796e-08 
  340     9.42149e-07     1.64971e-08     4.84304e-05     1.35629e-09     9.57946e-08 
  350     1.52795e-06     1.75561e-08     7.29324e-05     1.46409e-09     9.60959e-08 
  370     1.33976e-06     2.01041e-08     7.86110e-05     2.07070e-09     9.84796e-08 
