    0     1.38495e-02     1.25520e-02     7.16196e-03     9.60596e-03     1.60230e-02 
    1     1.29450e-02     1.16831e-02     6.48093e-03     8.89802e-03     1.51019e-02 
    2     1.27764e-02     1.15177e-02     6.38942e-03     8.77452e-03     1.48672e-02 
    3     1.27515e-02     1.15124e-02     6.36185e-03     8.83141e-03     1.49136e-02 
    4     1.27123e-02     1.15264e-02     6.20645e-03     8.85844e-03     1.48663e-02 
    5     1.27888e-02     1.15167e-02     6.55838e-03     8.82504e-03     1.48219e-02 
    6     1.28268e-02     1.15058e-02     6.74864e-03     8.80754e-03     1.48307e-02 
    7     1.28462e-02     1.15854e-02     6.73099e-03     8.84000e-03     1.48903e-02 
    8     1.28264e-02     1.14987e-02     6.54637e-03     8.83879e-03     1.48358e-02 
    9     1.27963e-02     1.14514e-02     6.41255e-03     8.83726e-03     1.47814e-02 
   10     1.27640e-02     1.14256e-02     6.49780e-03     8.80797e-03     1.47127e-02 
   20     1.28574e-02     1.11128e-02     7.80933e-03     8.44670e-03     1.46776e-02 
   30     1.24392e-02     1.08783e-02     7.30552e-03     7.97337e-03     1.47521e-02 
   40     1.28142e-02     1.09623e-02     8.29936e-03     8.19839e-03     1.49364e-02 
   50     1.24293e-02     1.08577e-02     7.12253e-03     8.13208e-03     1.45553e-02 
   60     1.21579e-02     1.05086e-02     7.27522e-03     7.82367e-03     1.39494e-02 
   70     1.22344e-02     1.05925e-02     7.67926e-03     7.85387e-03     1.40792e-02 
   80     1.24282e-02     1.04520e-02     8.32281e-03     7.77014e-03     1.42326e-02 
   90     1.27022e-02     1.10053e-02     7.45120e-03     7.96126e-03     1.51060e-02 
  100     1.31903e-02     1.09843e-02     8.61996e-03     8.08690e-03     1.55494e-02 
  110     1.42992e-02     1.18774e-02     9.15900e-03     8.33467e-03     1.74572e-02 
  120     1.40002e-02     1.19086e-02     8.43369e-03     8.54384e-03     1.71276e-02 
  130     1.31492e-02     1.13875e-02     7.70976e-03     8.30777e-03     1.56477e-02 
  140     1.35169e-02     1.15621e-02     7.84051e-03     8.47366e-03     1.63713e-02 
  150     1.36645e-02     1.17122e-02     8.26292e-03     8.37917e-03     1.66323e-02 
  160     1.38350e-02     1.19243e-02     7.76040e-03     8.64204e-03     1.68932e-02 
  170     1.36587e-02     1.16135e-02     8.16683e-03     8.27631e-03     1.67322e-02 
  180     1.33765e-02     1.13001e-02     8.24856e-03     8.22857e-03     1.61201e-02 
  190     1.33782e-02     1.13664e-02     8.60783e-03     8.27826e-03     1.60563e-02 
  200     1.32910e-02     1.15646e-02     7.89056e-03     8.38120e-03     1.60454e-02 
  210     1.27636e-02     1.09423e-02     7.25007e-03     8.04118e-03     1.55807e-02 
  220     1.26154e-02     1.06773e-02     7.85605e-03     7.96982e-03     1.48584e-02 
  230     1.22549e-02     1.03547e-02     7.03624e-03     7.77162e-03     1.47189e-02 
  240     1.31905e-02     1.12387e-02     8.35725e-03     8.20462e-03     1.58890e-02 
  250     1.31921e-02     1.12473e-02     7.44423e-03     8.36000e-03     1.58561e-02 
  260     1.40450e-02     1.18372e-02     8.55469e-03     8.64915e-03     1.69670e-02 
  270     1.41545e-02     1.20682e-02     8.30815e-03     8.75167e-03     1.70961e-02 
  280     1.38922e-02     1.14745e-02     9.05483e-03     8.54021e-03     1.65530e-02 
  290     1.27744e-02     1.08582e-02     7.13441e-03     8.21330e-03     1.52862e-02 
  300     1.24679e-02     1.03151e-02     8.43590e-03     7.71381e-03     1.46725e-02 
  310     1.22868e-02     1.03401e-02     7.40550e-03     7.89874e-03     1.44440e-02 
  320     1.27699e-02     1.03235e-02     1.12087e-02     7.78699e-03     1.44260e-02 
  330     1.21162e-02     1.02177e-02     7.23466e-03     7.69369e-03     1.42516e-02 
  340     1.25170e-02     1.00062e-02     9.42224e-03     7.42531e-03     1.43480e-02 
  350     1.26572e-02     1.02240e-02     8.80985e-03     7.54128e-03     1.47412e-02 
  370     1.22904e-02     1.00601e-02     8.05204e-03     7.29957e-03     1.45394e-02 
