    0     2.52112e-18     1.14953e-18     3.40099e-18     2.49366e-19     3.47176e-18 
    1     6.90535e-20     2.74906e-21     5.29192e-19     3.84242e-22     1.51046e-20 
    2     3.64573e-20     5.97152e-22     4.36601e-19     8.59944e-23     3.74983e-21 
    3     2.76390e-20     2.99727e-22     4.49326e-19     4.43878e-23     1.86952e-21 
    4     2.41904e-20     1.97338e-22     4.55117e-19     3.01783e-23     1.22714e-21 
    5     2.24933e-20     1.46342e-22     4.51294e-19     2.28095e-23     9.29598e-22 
    6     2.48035e-20     1.18719e-22     7.56369e-19     1.94296e-23     7.61813e-22 
    7     2.58439e-20     1.03501e-22     6.19255e-19     1.70676e-23     6.57695e-22 
    8     2.76758e-20     9.22194e-23     8.08665e-19     1.53753e-23     5.82401e-22 
    9     2.85245e-20     8.43159e-23     8.90956e-19     1.38189e-23     5.39564e-22 
   10     3.42704e-20     7.86309e-23     1.47164e-18     1.28884e-23     5.22932e-22 
   20     2.86571e-20     6.56938e-23     1.51708e-18     8.59357e-24     4.89088e-22 
   30     1.97785e-18     8.62389e-23     5.58323e-16     1.16131e-23     6.68221e-22 
   40     1.42759e-18     1.81984e-22     1.01808e-15     2.07768e-23     1.85048e-21 
   50     2.62948e-17     3.78498e-22     6.87144e-15     4.68576e-23     3.36234e-21 
   60     2.40186e-14     1.71840e-21     2.69960e-12     1.90631e-22     2.49692e-20 
   70     1.23479e-13     5.77064e-20     1.08496e-11     1.97215e-21     3.61141e-18 
   80     4.53005e-11     1.11299e-18     4.05802e-09     2.48597e-20     7.08420e-17 
   90     1.84579e-11     1.42140e-16     1.28980e-09     3.55356e-19     1.94338e-14 
  100     1.50298e-10     1.75311e-15     7.60056e-09     1.07967e-17     1.43933e-13 
  110     5.82057e-11     3.10629e-14     3.89223e-09     1.02881e-16     9.22672e-13 
  120     1.51914e-10     9.59932e-14     1.64322e-08     1.03600e-15     1.18719e-12 
  130     2.60509e-10     1.91277e-13     3.73788e-08     4.41562e-15     2.19967e-12 
  140     2.08044e-10     3.07553e-13     1.28386e-08     1.50189e-14     3.03087e-12 
  150     1.96079e-10     3.16708e-13     6.98938e-09     2.48296e-14     3.23365e-12 
  160     2.10076e-10     3.42269e-13     1.57608e-08     3.44459e-14     2.74266e-12 
  170     3.13991e-10     5.79417e-13     3.03740e-08     4.66302e-14     3.87271e-12 
  180     4.73388e-10     3.78253e-13     4.75508e-08     4.01041e-14     2.45458e-12 
  190     9.06732e-10     4.33223e-13     1.73106e-07     4.66190e-14     3.56888e-12 
  200     5.39094e-10     9.53092e-13     3.85616e-08     9.01032e-14     5.32450e-12 
  210     6.55810e-10     1.14620e-12     4.18196e-08     1.29634e-13     6.58537e-12 
  220     7.15911e-10     1.95093e-12     5.21042e-08     2.57929e-13     1.07814e-11 
  230     8.27509e-10     2.65774e-12     7.26495e-08     2.71209e-13     1.41615e-11 
  240     1.17948e-09     2.68287e-12     7.96514e-08     2.61693e-13     1.68727e-11 
  250     1.23281e-09     2.73403e-12     8.97456e-08     2.66983e-13     1.94741e-11 
  260     1.22008e-09     3.73108e-12     5.57832e-08     4.01999e-13     2.30926e-11 
  270     1.68182e-09     4.06774e-12     1.17589e-07     4.83485e-13     2.73906e-11 
  280     1.06967e-09     3.58087e-12     9.11927e-08     4.35115e-13     2.40582e-11 
  290     1.15968e-09     3.23744e-12     8.63726e-08     4.74460e-13     2.09779e-11 
  300     1.46135e-09     4.57393e-12     1.06558e-07     5.55810e-13     2.69505e-11 
  310     2.94662e-09     4.82564e-12     1.84530e-07     6.77723e-13     2.94971e-11 
  320     1.84528e-09     5.73305e-12     1.07970e-07     8.26785e-13     2.87333e-11 
  330     1.63745e-09     5.74882e-12     8.98635e-08     8.53876e-13     3.02588e-11 
  340     1.31260e-09     8.61187e-12     7.87231e-08     1.16582e-12     4.40774e-11 
  350     1.57483e-09     8.83212e-12     8.79138e-08     1.34863e-12     4.10991e-11 
  370     1.94281e-09     8.33753e-12     2.34167e-07     1.53883e-12     4.06486e-11 
