    0     1.57534e-12     1.28218e-13     4.12270e-12     1.77434e-14     1.23715e-12 
    1     3.09282e-15     4.93419e-16     1.06770e-14     8.61628e-17     2.03358e-15 
    2     5.63986e-16     1.02359e-16     1.85366e-15     1.86602e-17     3.99327e-16 
    3     2.32439e-16     4.11283e-17     9.22783e-16     7.73445e-18     1.57043e-16 
    4     1.33231e-16     2.21771e-17     7.14790e-16     4.32962e-18     8.33870e-17 
    5     9.14660e-17     1.35501e-17     6.37667e-16     2.74498e-18     5.19810e-17 
    6     7.14745e-17     9.57510e-18     6.43561e-16     1.96981e-18     3.55308e-17 
    7     5.89325e-17     7.32420e-18     6.14700e-16     1.53484e-18     2.51875e-17 
    8     5.14085e-17     5.78622e-18     6.11019e-16     1.22394e-18     1.90296e-17 
    9     4.69845e-17     4.70208e-18     7.71686e-16     9.80790e-19     1.53850e-17 
   10     4.46602e-17     3.91914e-18     8.73500e-16     8.02114e-19     1.29335e-17 
   20     3.17422e-17     1.00180e-18     9.24040e-16     1.54824e-19     4.54702e-18 
   30     9.93953e-16     1.03680e-18     2.17771e-13     1.83594e-19     4.52713e-18 
   40     3.97001e-16     1.51689e-18     3.49777e-14     2.82196e-19     7.71098e-18 
   50     7.17412e-15     2.37442e-18     8.61351e-13     3.90203e-19     1.57195e-17 
   60     2.28597e-11     8.36804e-18     1.96360e-09     7.81335e-19     1.69944e-16 
   70     1.27078e-10     1.66708e-16     6.46392e-09     3.69351e-18     3.90086e-14 
   80     6.62264e-08     5.57338e-15     3.40535e-06     2.77824e-17     1.52554e-12 
   90     3.68183e-08     1.66187e-12     8.70387e-07     3.87494e-16     2.14034e-10 
  100     1.21045e-07     2.51382e-11     3.49974e-06     5.21644e-14     2.77434e-09 
  110     9.35707e-08     2.51428e-10     2.76305e-06     4.68658e-13     1.08371e-08 
  120     2.02231e-07     5.23371e-10     8.08932e-06     3.59517e-12     1.32780e-08 
  130     1.88713e-07     9.14011e-10     6.92707e-06     1.41958e-11     2.03302e-08 
  140     2.02706e-07     2.24124e-09     5.14324e-06     3.41451e-11     3.05016e-08 
  150     2.73806e-07     3.30757e-09     1.16281e-05     5.63307e-11     4.11322e-08 
  160     1.95879e-07     4.13817e-09     1.01186e-05     1.50737e-10     3.65990e-08 
  170     3.09842e-07     4.75991e-09     2.77998e-05     1.89171e-10     3.70223e-08 
  180     4.55759e-07     5.89974e-09     4.72847e-05     2.85650e-10     3.54202e-08 
  190     4.39910e-07     1.33032e-08     2.67610e-05     6.40340e-10     7.44159e-08 
  200     5.59309e-07     1.54747e-08     2.36481e-05     1.11436e-09     9.95567e-08 
  210     4.52723e-07     1.37890e-08     2.00561e-05     8.94250e-10     1.14772e-07 
  220     7.90994e-07     2.27516e-08     3.85077e-05     1.28962e-09     1.62399e-07 
  230     8.27752e-07     2.84191e-08     4.64553e-05     1.41871e-09     2.38470e-07 
  240     1.56912e-06     3.22812e-08     8.05008e-05     1.31980e-09     2.62403e-07 
  250     2.10359e-06     3.06702e-08     1.14110e-04     1.28670e-09     2.35410e-07 
  260     1.79577e-06     4.32282e-08     3.67220e-05     1.80017e-09     3.66246e-07 
  270     1.42035e-06     4.73650e-08     6.42247e-05     2.43472e-09     3.44897e-07 
  280     1.37219e-06     4.06163e-08     1.03869e-04     2.10677e-09     2.93369e-07 
  290     1.37319e-06     4.56316e-08     5.95933e-05     2.28907e-09     3.10191e-07 
  300     1.57079e-06     4.21986e-08     7.73366e-05     3.11992e-09     2.47186e-07 
  310     2.68832e-06     4.74608e-08     1.23403e-04     3.25432e-09     3.04087e-07 
  320     1.97004e-06     5.67271e-08     8.84970e-05     3.68193e-09     3.74907e-07 
  330     1.68108e-06     8.02996e-08     4.07234e-05     5.62242e-09     4.29396e-07 
  340     1.56341e-06     9.75129e-08     6.66150e-05     6.78794e-09     5.00794e-07 
  350     1.67867e-06     8.56923e-08     4.81503e-05     6.71256e-09     4.32736e-07 
  370     1.63152e-06     7.30823e-08     7.54522e-05     7.11427e-09     3.93600e-07 
