    0     5.41321e-03     2.54324e-03     7.55103e-03     6.38068e-04     7.41605e-03 
    1     5.53107e-03     2.56085e-03     7.74436e-03     6.48460e-04     7.53067e-03 
    2     5.55338e-03     2.55837e-03     7.85686e-03     6.49924e-04     7.54372e-03 
    3     5.56545e-03     2.56390e-03     7.79535e-03     6.50962e-04     7.47849e-03 
    4     5.60934e-03     2.57742e-03     7.84784e-03     6.49740e-04     7.45070e-03 
    5     5.70911e-03     2.59649e-03     8.03751e-03     6.49515e-04     7.56269e-03 
    6     5.69073e-03     2.61249e-03     7.86704e-03     6.47392e-04     7.71957e-03 
    7     5.68750e-03     2.61416e-03     7.76489e-03     6.47541e-04     7.81424e-03 
    8     5.68891e-03     2.61673e-03     7.69990e-03     6.48524e-04     7.89360e-03 
    9     5.76196e-03     2.63620e-03     7.87192e-03     6.47154e-04     7.94145e-03 
   10     5.83827e-03     2.64261e-03     8.06426e-03     6.44930e-04     7.94230e-03 
   20     5.81744e-03     2.64226e-03     8.46227e-03     6.64990e-04     7.52693e-03 
   30     5.90042e-03     2.68048e-03     8.21448e-03     6.49440e-04     7.58406e-03 
   40     6.35218e-03     2.70937e-03     9.72080e-03     6.55302e-04     8.02342e-03 
   50     6.26170e-03     2.77704e-03     8.49534e-03     6.69797e-04     8.40481e-03 
   60     6.89762e-03     2.81616e-03     1.07755e-02     6.74903e-04     8.39868e-03 
   70     6.74051e-03     2.98361e-03     9.98748e-03     6.88506e-04     8.71016e-03 
   80     7.20223e-03     3.01353e-03     1.08133e-02     6.83471e-04     9.13961e-03 
   90     7.76888e-03     3.05070e-03     1.24052e-02     7.04097e-04     9.90113e-03 
  100     7.89626e-03     2.96039e-03     1.25071e-02     6.78155e-04     9.35339e-03 
  110     7.42892e-03     2.89887e-03     1.24664e-02     6.93297e-04     8.57729e-03 
  120     6.29794e-03     2.89483e-03     8.34020e-03     6.75029e-04     8.60511e-03 
  130     6.75491e-03     2.94125e-03     9.68522e-03     7.14612e-04     8.73218e-03 
  140     7.12379e-03     3.10556e-03     9.74779e-03     7.11815e-04     9.51659e-03 
  150     6.64936e-03     3.05113e-03     9.00773e-03     7.19380e-04     8.89372e-03 
  160     6.88889e-03     2.82949e-03     9.90156e-03     6.84132e-04     8.80188e-03 
  170     6.51111e-03     2.74067e-03     9.07012e-03     6.85664e-04     8.38971e-03 
  180     5.89929e-03     2.83329e-03     7.42083e-03     6.94886e-04     8.24217e-03 
  190     5.95702e-03     2.76542e-03     7.90208e-03     6.86472e-04     8.13245e-03 
  200     6.45802e-03     2.98644e-03     8.90061e-03     7.12145e-04     8.54807e-03 
  210     6.33184e-03     2.91785e-03     8.48638e-03     7.18504e-04     8.51637e-03 
  220     6.26462e-03     2.80955e-03     8.48894e-03     7.11087e-04     8.11461e-03 
  230     6.65884e-03     2.89986e-03     9.21174e-03     7.22217e-04     8.58969e-03 
  240     7.69603e-03     3.02758e-03     1.16340e-02     7.24475e-04     9.35715e-03 
  250     6.59129e-03     2.87255e-03     9.62629e-03     7.16313e-04     8.30522e-03 
  260     6.53013e-03     2.71590e-03     1.02871e-02     6.80450e-04     7.57554e-03 
  270     5.89243e-03     2.62853e-03     8.73663e-03     7.11459e-04     7.28994e-03 
  280     5.67614e-03     2.61269e-03     8.07088e-03     6.95527e-04     7.19484e-03 
  290     5.60101e-03     2.68390e-03     7.46714e-03     6.95380e-04     7.45069e-03 
  300     5.76545e-03     2.62115e-03     8.34811e-03     7.05822e-04     7.38467e-03 
  310     5.81081e-03     2.64161e-03     8.25735e-03     7.03558e-04     7.28087e-03 
  320     6.11161e-03     2.73935e-03     8.32180e-03     6.97770e-04     8.04370e-03 
  330     5.49586e-03     2.71130e-03     7.04230e-03     7.05753e-04     7.59600e-03 
  340     6.25787e-03     2.66546e-03     9.63061e-03     7.09017e-04     7.89675e-03 
  350     6.29106e-03     2.71993e-03     9.06684e-03     7.04729e-04     7.93891e-03 
  370     5.65714e-03     2.74974e-03     7.32119e-03     7.09417e-04     7.82677e-03 
