    0     2.47536e-18     1.13762e-18     3.28561e-18     2.46915e-19     3.45395e-18 
    1     6.43546e-20     2.70576e-21     4.93289e-19     3.85964e-22     1.48237e-20 
    2     3.17036e-20     5.16788e-22     3.87186e-19     7.03870e-23     3.06921e-21 
    3     2.18278e-20     2.00443e-22     3.46797e-19     2.68185e-23     1.27931e-21 
    4     1.76509e-20     1.04431e-22     3.33457e-19     1.40257e-23     7.07878e-22 
    5     1.53363e-20     6.34292e-23     3.21281e-19     8.45247e-24     4.49056e-22 
    6     1.41680e-20     4.31641e-23     3.28158e-19     5.98911e-24     3.12904e-22 
    7     1.30514e-20     3.10432e-23     3.03483e-19     4.61757e-24     2.29226e-22 
    8     1.23366e-20     2.35287e-23     2.95300e-19     3.56789e-24     1.79514e-22 
    9     1.17945e-20     1.85092e-23     3.22088e-19     2.81034e-24     1.47445e-22 
   10     1.16405e-20     1.52172e-23     3.35005e-19     2.26920e-24     1.24778e-22 
   20     7.39500e-21     4.23002e-24     3.11620e-19     4.36336e-25     4.04670e-23 
   30     4.09751e-19     4.20904e-24     1.06604e-16     5.36252e-25     3.83616e-23 
   40     1.05196e-19     6.63762e-24     2.80338e-17     7.81362e-25     7.37350e-23 
   50     1.82082e-18     1.11867e-23     3.29434e-16     1.26079e-24     1.35905e-22 
   60     1.39942e-15     4.81379e-23     1.50490e-13     3.82254e-24     9.74234e-22 
   70     1.17748e-14     9.88365e-22     9.53974e-13     3.12840e-23     1.09131e-19 
   80     5.97215e-12     2.24054e-20     5.40167e-10     3.40005e-22     2.92495e-18 
   90     2.62670e-12     4.42332e-18     2.23997e-10     4.09629e-21     5.51033e-16 
  100     9.94526e-12     8.65758e-17     6.44400e-10     3.18504e-19     6.05830e-15 
  110     8.51827e-12     7.61697e-16     1.22439e-09     3.47341e-18     2.50071e-14 
  120     1.98833e-11     1.79821e-15     2.95246e-09     2.24699e-17     2.64145e-14 
  130     2.31075e-11     2.58504e-15     2.93017e-09     8.09274e-17     5.40295e-14 
  140     2.28134e-11     5.80210e-15     2.04911e-09     1.88501e-16     7.97064e-14 
  150     3.71051e-11     9.12915e-15     3.32752e-09     3.30323e-16     1.03376e-13 
  160     3.49359e-11     1.15417e-14     3.50123e-09     7.47216e-16     1.01142e-13 
  170     5.58008e-11     1.37236e-14     7.82037e-09     9.51705e-16     1.26980e-13 
  180     9.24325e-11     1.51025e-14     1.59567e-08     1.36314e-15     1.25045e-13 
  190     8.41647e-11     3.87784e-14     9.10173e-09     2.98947e-15     2.54733e-13 
  200     1.08940e-10     5.28652e-14     7.71588e-09     5.23984e-15     2.86529e-13 
  210     8.00008e-11     5.08419e-14     7.10385e-09     5.10842e-15     2.99652e-13 
  220     1.54732e-10     7.30170e-14     1.74566e-08     7.58434e-15     4.63526e-13 
  230     1.56749e-10     9.42714e-14     1.77911e-08     9.17697e-15     6.01598e-13 
  240     3.10755e-10     9.72705e-14     2.81334e-08     7.87996e-15     6.79720e-13 
  250     4.11234e-10     1.00251e-13     6.34209e-08     7.79521e-15     7.56038e-13 
  260     2.17829e-10     1.63062e-13     1.12442e-08     1.13090e-14     1.23278e-12 
  270     3.21551e-10     1.71133e-13     3.59224e-08     1.58356e-14     1.11588e-12 
  280     3.01550e-10     1.40032e-13     5.40505e-08     1.34675e-14     9.82034e-13 
  290     2.87667e-10     1.63250e-13     2.47343e-08     1.54818e-14     1.01109e-12 
  300     3.47768e-10     1.48715e-13     3.08726e-08     1.70310e-14     8.96926e-13 
  310     6.56422e-10     1.69723e-13     6.01957e-08     2.12362e-14     9.63265e-13 
  320     4.22635e-10     1.85777e-13     3.09228e-08     1.96540e-14     1.24775e-12 
  330     3.07400e-10     2.76106e-13     1.79268e-08     3.17935e-14     1.50150e-12 
  340     2.52634e-10     3.32777e-13     1.77881e-08     3.54854e-14     1.81114e-12 
  350     3.22961e-10     2.92456e-13     1.93892e-08     3.57071e-14     1.60227e-12 
  370     3.98507e-10     2.74337e-13     4.86393e-08     3.85193e-14     1.41976e-12 
