    0     6.78588e-03     5.31556e-03     5.71566e-03     2.91534e-03     9.08310e-03 
    1     6.73904e-03     5.25893e-03     5.57287e-03     2.93872e-03     9.04362e-03 
    2     6.74762e-03     5.26820e-03     5.59577e-03     2.94847e-03     8.94558e-03 
    3     6.72551e-03     5.31031e-03     5.57206e-03     2.93643e-03     8.86502e-03 
    4     6.66659e-03     5.29588e-03     5.55500e-03     2.93813e-03     8.72628e-03 
    5     6.65495e-03     5.23699e-03     5.61156e-03     2.95273e-03     8.62784e-03 
    6     6.65582e-03     5.16822e-03     5.71057e-03     2.93144e-03     8.59393e-03 
    7     6.63830e-03     5.13219e-03     5.86837e-03     2.90558e-03     8.56004e-03 
    8     6.59506e-03     5.07873e-03     5.74598e-03     2.88341e-03     8.54087e-03 
    9     6.55398e-03     5.02297e-03     5.57200e-03     2.87223e-03     8.53674e-03 
   10     6.52368e-03     5.00136e-03     5.60589e-03     2.87241e-03     8.44567e-03 
   20     6.25854e-03     4.70911e-03     5.55047e-03     2.76589e-03     8.12587e-03 
   30     6.12969e-03     4.45553e-03     5.95775e-03     2.57360e-03     7.94810e-03 
   40     5.94690e-03     4.37906e-03     5.42410e-03     2.56724e-03     7.70686e-03 
   50     5.72618e-03     4.07819e-03     5.40872e-03     2.45325e-03     7.34074e-03 
   60     5.75666e-03     4.08800e-03     5.60383e-03     2.33867e-03     7.24959e-03 
   70     5.55100e-03     3.88024e-03     5.43503e-03     2.31685e-03     6.99548e-03 
   80     5.54143e-03     3.74389e-03     6.02658e-03     2.21910e-03     6.85553e-03 
   90     5.30424e-03     3.70401e-03     5.23045e-03     2.17011e-03     6.51910e-03 
  100     5.37035e-03     3.59173e-03     6.21143e-03     2.15181e-03     6.40945e-03 
  110     5.24923e-03     3.49218e-03     5.67457e-03     2.03020e-03     6.27642e-03 
  120     5.24379e-03     3.46220e-03     5.72202e-03     2.00375e-03     6.26571e-03 
  130     5.03806e-03     3.40923e-03     5.19325e-03     2.06350e-03     6.07521e-03 
  140     5.16110e-03     3.40136e-03     5.40079e-03     2.11857e-03     6.06381e-03 
  150     5.06579e-03     3.30257e-03     5.64265e-03     2.00093e-03     5.85462e-03 
  160     5.05788e-03     3.30400e-03     5.28880e-03     1.97398e-03     6.12389e-03 
  170     4.91531e-03     3.17821e-03     5.28426e-03     1.97433e-03     5.66039e-03 
  180     4.81542e-03     3.15650e-03     5.14139e-03     1.90178e-03     5.62219e-03 
  190     4.76424e-03     3.11577e-03     5.31622e-03     1.81899e-03     5.59227e-03 
  200     4.76937e-03     3.22047e-03     5.02295e-03     1.91010e-03     5.63167e-03 
  210     4.64504e-03     3.07606e-03     4.99423e-03     1.81416e-03     5.46162e-03 
  220     4.52025e-03     2.96871e-03     4.87625e-03     1.77984e-03     5.33330e-03 
  230     4.41524e-03     2.86901e-03     4.63778e-03     1.74541e-03     5.25940e-03 
  240     4.44587e-03     2.99563e-03     4.80495e-03     1.84096e-03     5.23841e-03 
  250     4.13687e-03     2.71737e-03     4.30377e-03     1.71068e-03     4.84957e-03 
  260     4.13674e-03     2.68344e-03     4.65173e-03     1.66942e-03     4.86945e-03 
  270     4.17174e-03     2.71011e-03     4.47511e-03     1.64218e-03     4.85729e-03 
  280     4.23500e-03     2.76426e-03     4.77418e-03     1.69113e-03     4.86197e-03 
  290     4.04293e-03     2.69991e-03     4.19915e-03     1.69850e-03     4.58742e-03 
  300     4.06461e-03     2.64682e-03     4.61499e-03     1.64854e-03     4.66894e-03 
  310     3.90980e-03     2.57948e-03     4.09896e-03     1.60241e-03     4.53690e-03 
  320     4.05082e-03     2.63900e-03     6.20595e-03     1.61753e-03     4.53737e-03 
  330     3.77832e-03     2.46217e-03     4.06065e-03     1.50384e-03     4.36148e-03 
  340     3.91977e-03     2.44868e-03     4.96422e-03     1.52795e-03     4.34941e-03 
  350     3.79928e-03     2.41333e-03     4.48677e-03     1.53395e-03     4.16832e-03 
  370     3.67433e-03     2.27211e-03     4.21266e-03     1.44043e-03     4.07245e-03 
