    0     1.58545e-12     1.31542e-13     4.11150e-12     1.81625e-14     1.21339e-12 
    1     3.01919e-15     4.96821e-16     1.10379e-14     8.79274e-17     2.03946e-15 
    2     7.11626e-16     1.21746e-16     2.57614e-15     2.28357e-17     4.51404e-16 
    3     3.95758e-16     6.14579e-17     1.85231e-15     1.22710e-17     2.25312e-16 
    4     2.80049e-16     4.07131e-17     1.59184e-15     8.37625e-18     1.50412e-16 
    5     2.19999e-16     3.05180e-17     1.29444e-15     6.46446e-18     1.15138e-16 
    6     1.97230e-16     2.55681e-17     1.98274e-15     5.44854e-18     9.61339e-17 
    7     1.82353e-16     2.28634e-17     1.75009e-15     4.73724e-18     8.47168e-17 
    8     1.73958e-16     2.10500e-17     2.17197e-15     4.27522e-18     7.64835e-17 
    9     1.69299e-16     1.97696e-17     2.34966e-15     3.92479e-18     7.11058e-17 
   10     1.77875e-16     1.85964e-17     3.44814e-15     3.65710e-18     6.74265e-17 
   20     1.76268e-16     1.40069e-17     4.11863e-15     2.74496e-18     5.64643e-17 
   30     5.35998e-15     1.97333e-17     1.29965e-12     3.84519e-18     8.49883e-17 
   40     4.05071e-15     3.94693e-17     7.85596e-13     7.47620e-18     1.89769e-16 
   50     9.80695e-14     7.63960e-17     1.41709e-11     1.45731e-17     3.74392e-16 
   60     4.18029e-10     2.75784e-16     3.42645e-08     4.07687e-17     5.14734e-15 
   70     1.22090e-09     1.08399e-14     6.64035e-08     2.35226e-16     1.27568e-12 
   80     3.77631e-07     2.70326e-13     1.43892e-05     2.30943e-15     4.14658e-11 
   90     4.15426e-07     5.36682e-11     5.97028e-06     3.76159e-14     9.40758e-09 
  100     2.17373e-06     5.48352e-10     3.80928e-05     1.71900e-12     5.80786e-08 
  110     1.40041e-06     1.12042e-08     1.40556e-05     1.24329e-11     4.19944e-07 
  120     1.96343e-06     3.11504e-08     4.94877e-05     1.48606e-10     5.27700e-07 
  130     3.13705e-06     7.81064e-08     9.01692e-05     7.13393e-10     8.34659e-07 
  140     2.57933e-06     1.23027e-07     4.10109e-05     2.98680e-09     1.28713e-06 
  150     2.91563e-06     1.41538e-07     2.64819e-05     5.62457e-09     1.21430e-06 
  160     2.01202e-06     1.33100e-07     4.96099e-05     6.93145e-09     1.01079e-06 
  170     3.14065e-06     1.98372e-07     1.14409e-04     8.94086e-09     1.28992e-06 
  180     3.49694e-06     1.42251e-07     1.40954e-04     7.16043e-09     7.75964e-07 
  190     4.98018e-06     1.47812e-07     3.43025e-04     9.58124e-09     1.12628e-06 
  200     4.35247e-06     2.94213e-07     1.00641e-04     1.69569e-08     2.11932e-06 
  210     6.24118e-06     3.49402e-07     1.30372e-04     2.55428e-08     2.24582e-06 
  220     7.15174e-06     5.84957e-07     1.25126e-04     4.66974e-08     3.64864e-06 
  230     8.57867e-06     7.94654e-07     1.79839e-04     4.30316e-08     5.34584e-06 
  240     1.44811e-05     8.75177e-07     2.39504e-04     3.92159e-08     6.92689e-06 
  250     1.54864e-05     8.92242e-07     1.72250e-04     4.12955e-08     5.68623e-06 
  260     1.74567e-05     9.56722e-07     1.58625e-04     6.05508e-08     7.31166e-06 
  270     1.66773e-05     1.06231e-06     2.41712e-04     6.91554e-08     8.41514e-06 
  280     1.28601e-05     9.34664e-07     1.99139e-04     5.74674e-08     7.26157e-06 
  290     1.22852e-05     9.24312e-07     1.85592e-04     6.33747e-08     5.88141e-06 
  300     1.42244e-05     1.30821e-06     2.10600e-04     7.93860e-08     7.74955e-06 
  310     2.07661e-05     1.29049e-06     3.90593e-04     9.73770e-08     9.18328e-06 
  320     1.75410e-05     1.72566e-06     2.90654e-04     1.13331e-07     9.64411e-06 
  330     1.55399e-05     1.62052e-06     2.18261e-04     1.29693e-07     8.97541e-06 
  340     2.13379e-05     2.26315e-06     3.05714e-04     1.85467e-07     1.23519e-05 
  350     1.58384e-05     2.23131e-06     1.93386e-04     1.97596e-07     1.20055e-05 
  370     1.67769e-05     2.15210e-06     4.49801e-04     2.42477e-07     1.10864e-05 
