    0     8.57257e-08     1.65911e-08     1.27345e-06    -3.60330e-07     4.76038e-07 
    1     8.77144e-09     2.15839e-09     6.35178e-08    -2.09868e-08     2.94412e-08 
    2     4.14283e-09     2.18128e-09     2.89446e-08    -9.15624e-09     1.45830e-08 
    3     2.77789e-09     1.78672e-09     1.98698e-08    -5.68902e-09     9.57986e-09 
    4     2.10367e-09     1.42773e-09     1.57304e-08    -4.20793e-09     7.22157e-09 
    5     1.64793e-09     1.03809e-09     1.33133e-08    -3.47072e-09     5.83089e-09 
    6     1.32508e-09     7.38465e-10     1.20553e-08    -3.11892e-09     5.07076e-09 
    7     1.02067e-09     5.68556e-10     1.10615e-08    -2.89173e-09     4.52381e-09 
    8     6.71931e-10     4.69066e-10     1.03801e-08    -2.68938e-09     4.02574e-09 
    9     3.05751e-10     3.66056e-10     9.97206e-09    -2.57657e-09     3.53961e-09 
   10    -2.81276e-11     2.78613e-10     1.03593e-08    -2.56914e-09     3.11538e-09 
   20     5.55594e-10     2.12002e-10     8.92467e-09    -1.85767e-09     2.39969e-09 
   30    -5.56277e-10    -1.48637e-10     7.43958e-08    -3.03086e-09     2.10478e-09 
   40    -1.02221e-09    -7.95396e-10     4.58206e-08    -5.07096e-09     2.33168e-09 
   50    -1.12673e-09    -1.31221e-10     3.01672e-07    -5.39903e-09     5.22207e-09 
   60    -8.48297e-07     1.71640e-09     1.85000e-05    -6.42285e-09     1.36904e-08 
   70     8.19362e-08     1.07464e-08     2.76761e-05    -6.70204e-09     2.08644e-07 
   80    -6.45346e-06    -2.82087e-08     5.26260e-04    -1.46000e-06     1.98966e-08 
   90     6.29167e-05     5.64532e-09     4.59376e-04    -4.94753e-07     2.34136e-05 
  100    -1.52368e-04    -4.11161e-09     9.55635e-04    -3.00558e-05     7.24540e-06 
  110    -5.36949e-05    -1.94379e-07     8.13740e-04    -6.55129e-05     3.61020e-05 
  120    -1.30871e-04     1.75445e-07     1.10582e-03    -7.85105e-05     1.13548e-04 
  130     1.22814e-04     1.54924e-06     1.12345e-03    -7.55727e-05     2.35928e-04 
  140     1.20658e-04     1.70628e-07     1.22555e-03    -1.51915e-04     2.65261e-04 
  150    -1.08287e-05    -1.58058e-07     1.19972e-03    -1.90448e-04     2.24964e-04 
  160    -9.02429e-05    -3.14889e-07     9.88197e-04    -2.49899e-04     1.35848e-04 
  170     1.96611e-04     4.93077e-06     1.23528e-03    -1.73078e-04     3.74380e-04 
  180    -1.06801e-04    -2.83154e-06     1.22414e-03    -2.79214e-04     1.48448e-04 
  190    -2.41046e-04    -4.26142e-05     1.61355e-03    -4.05179e-04     8.01893e-05 
  200    -3.88882e-05    -7.06536e-07     1.51747e-03    -2.69277e-04     2.76362e-04 
  210     8.21004e-05     3.63402e-05     1.81046e-03    -1.36971e-04     5.49650e-04 
  220     2.37472e-04     1.11637e-04     2.02448e-03    -1.27557e-04     6.97119e-04 
  230     1.84885e-04     3.83886e-05     2.13992e-03    -2.95194e-04     5.33801e-04 
  240    -5.15701e-04    -3.25131e-05     2.52638e-03    -1.01634e-03     1.95286e-04 
  250    -9.18566e-05    -2.08100e-05     3.14013e-03    -6.31550e-04     3.12719e-04 
  260    -1.54580e-04    -3.91747e-06     2.97409e-03    -5.62914e-04     5.64885e-04 
  270     6.33330e-04     1.37083e-04     3.04919e-03    -1.67541e-04     1.25181e-03 
  280     6.76013e-05     4.23192e-05     2.70103e-03    -3.61271e-04     7.19233e-04 
  290     2.69993e-04     2.09260e-05     2.55011e-03    -4.00396e-04     6.49390e-04 
  300    -5.19417e-04    -5.47991e-05     2.81561e-03    -9.86781e-04     3.14779e-04 
  310     2.50940e-05    -2.21995e-05     3.17224e-03    -7.10137e-04     5.60320e-04 
  320     4.06668e-04     5.30366e-05     3.20469e-03    -4.99324e-04     1.05647e-03 
  330     2.88793e-04     4.59855e-05     2.94175e-03    -5.31524e-04     9.41776e-04 
  340    -5.09713e-04    -2.94601e-05     3.42754e-03    -1.11102e-03     6.16031e-04 
  350    -3.06762e-05    -2.48209e-05     2.91545e-03    -8.54317e-04     7.58318e-04 
  370     8.30407e-05    -1.94519e-05     3.13475e-03    -7.57265e-04     9.57106e-04 
