    0    -2.75216e-10     5.48291e-10     1.19121e-06    -3.50975e-07     3.51285e-07 
    1    -4.46114e-10    -4.81663e-10     4.84677e-08    -1.84527e-08     1.80214e-08 
    2    -3.16221e-10    -4.79545e-10     2.18179e-08    -9.03417e-09     8.65510e-09 
    3    -2.07440e-10    -3.97821e-10     1.50571e-08    -6.06358e-09     5.90888e-09 
    4    -1.14288e-10    -2.45572e-10     1.19647e-08    -4.55341e-09     4.53870e-09 
    5    -1.05282e-10    -1.08524e-10     1.01188e-08    -3.62480e-09     3.65213e-09 
    6    -1.63250e-10    -9.48795e-11     9.13929e-09    -3.05564e-09     3.00208e-09 
    7    -2.09823e-10    -1.29530e-10     8.59324e-09    -2.61185e-09     2.48943e-09 
    8    -2.17190e-10    -1.73910e-10     8.34210e-09    -2.27043e-09     2.15159e-09 
    9    -2.34511e-10    -2.17762e-10     8.19888e-09    -2.04379e-09     1.87944e-09 
   10    -2.38968e-10    -2.36460e-10     8.29529e-09    -1.87975e-09     1.67416e-09 
   20    -1.50763e-10    -2.16269e-10     6.36752e-09    -1.15873e-09     8.71964e-10 
   30    -2.73217e-10    -2.76521e-10     5.84270e-08    -1.26394e-09     7.39161e-10 
   40    -1.36476e-09    -4.50490e-10     3.07960e-08    -1.60016e-09     4.83299e-10 
   50    -6.09433e-10    -4.55663e-10     1.18370e-07    -1.66555e-09     1.00211e-09 
   60    -5.47262e-07    -3.39627e-11     1.14664e-05    -2.03384e-09     2.50634e-09 
   70     9.35188e-07     8.83670e-11     1.65961e-05    -1.21528e-08     6.33055e-09 
   80    -1.50112e-05     7.61840e-10     3.47503e-04    -1.73750e-08     6.10400e-08 
   90    -2.38275e-05    -1.45661e-08     1.95572e-04    -6.97618e-06     2.99080e-08 
  100    -2.15727e-06    -3.16095e-08     4.66352e-04    -5.24139e-06     2.51227e-06 
  110     2.12158e-05     1.67915e-09     2.50887e-04    -3.52761e-06     3.41895e-05 
  120    -1.84197e-05    -1.60079e-09     4.45479e-04    -1.93371e-05     1.49775e-05 
  130    -1.71327e-05    -2.62813e-08     5.24101e-04    -4.25635e-05     1.41894e-05 
  140     5.74549e-06     1.43255e-06     3.91683e-04    -1.72715e-05     3.83956e-05 
  150    -1.77857e-05     4.25079e-07     4.05491e-04    -3.94839e-05     2.96131e-05 
  160    -9.55841e-06    -9.13319e-07     4.55046e-04    -4.94528e-05     2.06923e-05 
  170     2.54490e-06    -3.61930e-07     5.25308e-04    -3.47079e-05     3.01398e-05 
  180     3.70285e-05     5.46166e-07     9.06896e-04    -2.42087e-05     5.18520e-05 
  190    -1.15955e-05    -4.16750e-08     7.69386e-04    -3.03579e-05     4.68527e-05 
  200     8.50774e-07    -5.75090e-07     8.12076e-04    -4.32140e-05     4.63633e-05 
  210    -2.41929e-05    -2.94104e-06     7.20215e-04    -6.32132e-05     3.46826e-05 
  220    -4.12115e-05    -2.31181e-06     8.26567e-04    -6.23968e-05     4.61067e-05 
  230     1.48857e-05    -4.62907e-07     6.98091e-04    -5.60320e-05     8.15480e-05 
  240     8.37307e-05    -2.47557e-08     1.10846e-03    -6.47526e-05     1.21067e-04 
  250     4.96302e-05    -6.36232e-07     1.02429e-03    -6.62402e-05     1.06065e-04 
  260    -2.40649e-05    -1.72097e-06     1.18210e-03    -8.10335e-05     1.04200e-04 
  270    -3.03912e-05    -6.55213e-06     1.07201e-03    -1.19702e-04     7.14226e-05 
  280    -6.05083e-06    -4.47992e-06     1.06887e-03    -1.28646e-04     1.03206e-04 
  290     2.39993e-05    -9.88935e-07     8.67303e-04    -9.30674e-05     1.13594e-04 
  300     1.32847e-05     1.18004e-06     1.19085e-03    -7.00571e-05     1.16345e-04 
  310    -2.90955e-05    -1.53310e-07     1.47456e-03    -8.39444e-05     1.00126e-04 
  320    -2.90010e-06    -3.25819e-07     1.16832e-03    -1.03266e-04     1.08589e-04 
  330     6.89584e-06     5.82587e-07     1.01765e-03    -9.70149e-05     1.06406e-04 
  340     1.00219e-05    -8.63979e-07     9.66279e-04    -1.34138e-04     1.22200e-04 
  350    -2.09690e-05    -2.00927e-06     1.23409e-03    -1.43144e-04     1.20308e-04 
  370     4.59866e-06    -1.94001e-06     1.15393e-03    -1.44862e-04     1.38807e-04 
