    0     1.30696e-02     1.22656e-02     5.39670e-03     9.46108e-03     1.54381e-02 
    1     1.22794e-02     1.14041e-02     5.33636e-03     8.75600e-03     1.45324e-02 
    2     1.21226e-02     1.12162e-02     5.41074e-03     8.62408e-03     1.42731e-02 
    3     1.20640e-02     1.12209e-02     5.08764e-03     8.67896e-03     1.43053e-02 
    4     1.20971e-02     1.12596e-02     5.05477e-03     8.72812e-03     1.43502e-02 
    5     1.20869e-02     1.12560e-02     5.12713e-03     8.69319e-03     1.42968e-02 
    6     1.20980e-02     1.12404e-02     5.03099e-03     8.67030e-03     1.42998e-02 
    7     1.21555e-02     1.13527e-02     5.06181e-03     8.71484e-03     1.44144e-02 
    8     1.21918e-02     1.12951e-02     5.17304e-03     8.72919e-03     1.43999e-02 
    9     1.21691e-02     1.12415e-02     5.15674e-03     8.72937e-03     1.43009e-02 
   10     1.21401e-02     1.12446e-02     4.96050e-03     8.71446e-03     1.42972e-02 
   20     1.21804e-02     1.09360e-02     6.13518e-03     8.36763e-03     1.41862e-02 
   30     1.18120e-02     1.06899e-02     5.59179e-03     7.89745e-03     1.42964e-02 
   40     1.20439e-02     1.07582e-02     6.34512e-03     8.11923e-03     1.43793e-02 
   50     1.19109e-02     1.06621e-02     6.26929e-03     8.05551e-03     1.41012e-02 
   60     1.15192e-02     1.03553e-02     5.86216e-03     7.76174e-03     1.35535e-02 
   70     1.15254e-02     1.03875e-02     5.94176e-03     7.76021e-03     1.35388e-02 
   80     1.15927e-02     1.03312e-02     6.01900e-03     7.73352e-03     1.38188e-02 
   90     1.20255e-02     1.07731e-02     6.33496e-03     7.85127e-03     1.44922e-02 
  100     1.25587e-02     1.08476e-02     7.25848e-03     8.05844e-03     1.50404e-02 
  110     1.35633e-02     1.16435e-02     7.67749e-03     8.25276e-03     1.67335e-02 
  120     1.33704e-02     1.17084e-02     7.30124e-03     8.47349e-03     1.65548e-02 
  130     1.26421e-02     1.12093e-02     6.96700e-03     8.23359e-03     1.51896e-02 
  140     1.28874e-02     1.13780e-02     6.79671e-03     8.40217e-03     1.57702e-02 
  150     1.30141e-02     1.15277e-02     6.90775e-03     8.31614e-03     1.60717e-02 
  160     1.32499e-02     1.16943e-02     6.86337e-03     8.54758e-03     1.61876e-02 
  170     1.31213e-02     1.14792e-02     7.30242e-03     8.22812e-03     1.61794e-02 
  180     1.27193e-02     1.10736e-02     6.80042e-03     8.14834e-03     1.54904e-02 
  190     1.28126e-02     1.12475e-02     7.01968e-03     8.23667e-03     1.55818e-02 
  200     1.27149e-02     1.13891e-02     6.59368e-03     8.32619e-03     1.55698e-02 
  210     1.23207e-02     1.08465e-02     6.31291e-03     8.00680e-03     1.51788e-02 
  220     1.20773e-02     1.05705e-02     6.53307e-03     7.93341e-03     1.44350e-02 
  230     1.18440e-02     1.02677e-02     6.09423e-03     7.74156e-03     1.43259e-02 
  240     1.26449e-02     1.10861e-02     6.73372e-03     8.15615e-03     1.54569e-02 
  250     1.29447e-02     1.12237e-02     6.92011e-03     8.35602e-03     1.56783e-02 
  260     1.36142e-02     1.17482e-02     7.32290e-03     8.64071e-03     1.66544e-02 
  270     1.37826e-02     1.19670e-02     7.50035e-03     8.73067e-03     1.67470e-02 
  280     1.33885e-02     1.13754e-02     7.61544e-03     8.51243e-03     1.61420e-02 
  290     1.25068e-02     1.08532e-02     6.44420e-03     8.22174e-03     1.51203e-02 
  300     1.19842e-02     1.02562e-02     6.78054e-03     7.69784e-03     1.43503e-02 
  310     1.20541e-02     1.03345e-02     6.53323e-03     7.90167e-03     1.43192e-02 
  320     1.21289e-02     1.02806e-02     7.85965e-03     7.77153e-03     1.42027e-02 
  330     1.18808e-02     1.01736e-02     6.77621e-03     7.68424e-03     1.40437e-02 
  340     1.19662e-02     9.95465e-03     7.82022e-03     7.41002e-03     1.40867e-02 
  350     1.21048e-02     1.01607e-02     7.06003e-03     7.53117e-03     1.44134e-02 
  370     1.17949e-02     9.94780e-03     7.04815e-03     7.26598e-03     1.41217e-02 
