    0     1.50798e-12     1.55267e-13     3.59348e-12     1.93114e-14     1.42713e-12 
    1     2.54422e-15     3.50925e-16     9.48958e-15     5.96695e-17     1.50936e-15 
    2     5.19191e-16     8.19990e-17     1.74892e-15     1.48358e-17     3.34772e-16 
    3     2.38333e-16     3.74151e-17     9.63040e-16     7.05639e-18     1.48715e-16 
    4     1.42842e-16     2.12075e-17     6.91017e-16     4.08273e-18     8.39042e-17 
    5     9.60996e-17     1.32200e-17     5.41495e-16     2.61413e-18     5.17588e-17 
    6     7.06414e-17     9.09496e-18     4.69210e-16     1.82634e-18     3.46224e-17 
    7     5.51240e-17     6.42189e-18     4.47194e-16     1.33648e-18     2.43491e-17 
    8     4.55769e-17     4.76092e-18     4.58616e-16     1.04207e-18     1.85579e-17 
    9     3.99255e-17     3.74449e-18     4.85046e-16     8.27137e-19     1.51692e-17 
   10     3.55434e-17     3.09012e-18     4.65723e-16     6.78021e-19     1.25900e-17 
   20     2.12074e-17     1.04790e-18     4.81780e-16     2.13453e-19     4.48226e-18 
   30     2.63978e-17     1.05896e-18     1.14523e-15     2.20498e-19     3.89529e-18 
   40     1.74265e-16     1.16938e-18     7.28864e-15     2.04247e-19     5.06641e-18 
   50     1.85588e-14     1.95746e-18     8.95079e-13     3.65741e-19     1.40879e-17 
   60     2.54415e-11     4.65932e-18     9.79815e-10     6.08218e-19     4.87146e-17 
   70     1.76270e-10     5.31081e-17     1.54644e-08     3.18334e-18     6.27863e-15 
   80     9.38021e-08     1.06394e-15     5.95530e-06     1.48168e-17     3.12426e-13 
   90     2.76946e-08     4.59800e-13     7.31548e-07     2.98585e-16     2.27988e-10 
  100     1.63949e-07     1.58570e-11     8.88340e-06     3.39662e-14     1.21824e-09 
  110     5.56924e-08     1.76545e-10     1.23941e-06     2.54903e-13     4.57321e-09 
  120     2.75219e-07     2.52983e-10     3.32399e-06     3.23399e-12     4.33545e-09 
  130     1.05484e-07     5.10984e-10     3.06338e-06     9.10455e-12     8.35265e-09 
  140     3.47617e-08     7.00680e-10     9.36417e-07     2.65275e-11     9.15751e-09 
  150     3.40309e-08     9.89365e-10     1.32172e-06     4.01336e-11     1.01668e-08 
  160     2.73119e-08     1.04019e-09     7.71828e-07     4.52114e-11     9.94072e-09 
  170     4.24794e-07     9.66941e-10     1.97891e-04     5.74331e-11     6.69893e-09 
  180     7.15970e-08     1.18468e-09     2.21349e-06     7.85191e-11     7.63786e-09 
  190     1.12840e-07     1.30515e-09     5.24112e-06     9.27040e-11     1.02959e-08 
  200     1.51394e-07     1.78848e-09     6.29501e-06     1.16063e-10     1.39210e-08 
  210     8.78590e-08     2.22244e-09     3.77084e-06     1.50508e-10     1.60920e-08 
  220     1.28429e-07     2.70374e-09     2.71797e-06     2.14918e-10     1.80877e-08 
  230     7.55294e-08     4.14425e-09     1.21727e-06     2.41986e-10     3.61926e-08 
  240     2.73082e-07     6.69166e-09     7.35586e-06     3.23542e-10     5.14590e-08 
  250     1.52128e-07     6.23173e-09     1.59622e-06     4.17291e-10     4.64559e-08 
  260     4.82742e-07     8.06895e-09     1.13543e-05     5.18602e-10     7.24096e-08 
  270     2.28025e-07     8.66270e-09     6.26906e-06     5.62364e-10     6.28712e-08 
  280     1.71974e-07     1.23251e-08     2.63444e-06     7.71882e-10     7.84628e-08 
  290     1.30394e-07     1.01588e-08     2.60557e-06     6.75687e-10     5.66082e-08 
  300     2.60645e-07     7.87524e-09     1.47394e-05     6.11253e-10     4.96588e-08 
  310     4.10525e-07     8.41806e-09     9.10943e-06     6.66458e-10     4.64999e-08 
  320     3.00642e-07     1.06311e-08     1.41291e-05     8.81171e-10     5.63724e-08 
  330     2.27657e-07     9.87882e-09     2.68277e-06     7.97756e-10     6.69664e-08 
  340     3.25956e-07     1.53005e-08     9.53054e-06     1.20907e-09     8.66908e-08 
  350     4.01515e-07     1.66323e-08     8.33812e-06     1.32149e-09     9.05090e-08 
  370     2.58957e-07     1.89115e-08     5.27745e-06     1.88751e-09     9.19857e-08 
