    0     2.22242e-18     1.18270e-18     2.68611e-18     2.58928e-19     3.37837e-18 
    1     6.10312e-20     1.60854e-21     4.12937e-19     2.12214e-22     1.13057e-20 
    2     2.59260e-20     3.42680e-22     2.39714e-19     4.83022e-23     2.44091e-21 
    3     1.52401e-20     1.52928e-22     1.70943e-19     2.32461e-23     1.03071e-21 
    4     1.08252e-20     8.70090e-23     1.43741e-19     1.38041e-23     5.62969e-22 
    5     8.24982e-21     5.41177e-23     1.20719e-19     8.68502e-24     3.50253e-22 
    6     6.85921e-21     3.67726e-23     1.11795e-19     5.77881e-24     2.38820e-22 
    7     6.12923e-21     2.60737e-23     1.12374e-19     4.00326e-24     1.70627e-22 
    8     5.60461e-21     1.98054e-23     1.18069e-19     2.98912e-24     1.28721e-22 
    9     5.34860e-21     1.59518e-23     1.27556e-19     2.29765e-24     1.03070e-22 
   10     5.08203e-21     1.29953e-23     1.25293e-19     1.86169e-24     8.45430e-23 
   20     3.43136e-21     4.02239e-24     1.18240e-19     5.55290e-25     3.23555e-23 
   30     3.06466e-21     3.39468e-24     1.28356e-19     6.73000e-25     2.80814e-23 
   40     1.25812e-20     3.69212e-24     8.37286e-19     5.91726e-25     3.76314e-23 
   50     4.52023e-19     8.17130e-24     4.41866e-17     1.03095e-24     9.75984e-23 
   60     3.10827e-16     2.20372e-23     1.83156e-14     2.27449e-24     3.80579e-22 
   70     9.16511e-15     3.51821e-22     2.92456e-12     1.71508e-23     2.30519e-20 
   80     5.63977e-12     5.31338e-21     5.25457e-10     1.40555e-22     5.77424e-19 
   90     7.85094e-13     1.26530e-18     4.27762e-11     3.25320e-21     4.62891e-16 
  100     3.87529e-12     3.68090e-17     3.38918e-10     2.10507e-19     2.49764e-15 
  110     1.05095e-12     5.08210e-16     8.32371e-11     2.14660e-18     8.64458e-15 
  120     3.59930e-12     6.86965e-16     8.43446e-11     1.90143e-17     1.21903e-14 
  130     3.76936e-12     1.55338e-15     6.69378e-10     5.32368e-17     1.95475e-14 
  140     2.01397e-12     1.78073e-15     1.94495e-10     1.16660e-16     2.16884e-14 
  150     9.19261e-13     2.53590e-15     2.63835e-10     2.05429e-16     2.37099e-14 
  160     1.02075e-12     3.01154e-15     1.00956e-10     2.21918e-16     2.46236e-14 
  170     7.24200e-11     2.61720e-15     3.85809e-08     2.60076e-16     2.01423e-14 
  180     5.12763e-12     3.19239e-15     4.01659e-10     3.73600e-16     2.54122e-14 
  190     7.00506e-12     3.92240e-15     5.67611e-10     4.48021e-16     3.34144e-14 
  200     1.15736e-11     5.16151e-15     1.11169e-09     5.80410e-16     4.43971e-14 
  210     4.82954e-12     6.85028e-15     8.40606e-10     7.37924e-16     4.90594e-14 
  220     6.18060e-12     8.18096e-15     4.01986e-10     9.22060e-16     6.56382e-14 
  230     2.15340e-12     1.28096e-14     2.02159e-10     1.34646e-15     9.34555e-14 
  240     1.52500e-11     1.79626e-14     1.25130e-09     1.73729e-15     1.32332e-13 
  250     4.20113e-12     1.89888e-14     1.83125e-10     2.06419e-15     1.40441e-13 
  260     1.93347e-11     2.79227e-14     1.39038e-09     2.76860e-15     2.27357e-13 
  270     1.10563e-11     2.98185e-14     9.67301e-10     3.10961e-15     2.01122e-13 
  280     7.48125e-12     4.20971e-14     3.66917e-10     4.54316e-15     2.55154e-13 
  290     7.66307e-12     3.19636e-14     4.62316e-10     3.97282e-15     1.80723e-13 
  300     1.92654e-11     2.63586e-14     2.16017e-09     3.22513e-15     1.68878e-13 
  310     1.88222e-11     2.60272e-14     8.41533e-10     3.31411e-15     1.62657e-13 
  320     1.84603e-11     3.24599e-14     1.57587e-09     4.15134e-15     1.99975e-13 
  330     1.52272e-11     3.42619e-14     5.47246e-10     3.66979e-15     2.72157e-13 
  340     2.49695e-11     4.70703e-14     1.35878e-09     5.73662e-15     2.87190e-13 
  350     2.61768e-11     5.05741e-14     1.19885e-09     6.65227e-15     2.92644e-13 
  370     2.03534e-11     6.17310e-14     1.10700e-09     8.73426e-15     3.25880e-13 
