    0    -2.62041e-08    -3.78021e-09     1.29182e-06    -4.10621e-07     3.84011e-07 
    1    -3.50191e-09    -1.54079e-10     5.73513e-08    -2.36036e-08     2.23504e-08 
    2    -1.56067e-09    -1.34881e-10     2.48089e-08    -1.11066e-08     9.72636e-09 
    3    -8.40802e-10    -1.27385e-10     1.58734e-08    -7.05506e-09     6.04709e-09 
    4    -4.69753e-10    -1.21462e-11     1.18361e-08    -5.05058e-09     4.42729e-09 
    5    -2.65783e-10     5.31771e-11     9.61486e-09    -3.86013e-09     3.49887e-09 
    6    -1.57293e-10     5.81250e-11     8.23218e-09    -3.16251e-09     2.98210e-09 
    7    -6.60558e-11     5.85604e-11     7.18773e-09    -2.65428e-09     2.65849e-09 
    8    -3.35632e-12     5.82820e-11     6.44576e-09    -2.25625e-09     2.42452e-09 
    9     3.06081e-11     6.12051e-11     5.92060e-09    -1.98232e-09     2.22321e-09 
   10     4.42209e-11     7.87859e-11     5.53005e-09    -1.78411e-09     2.02628e-09 
   20     3.07657e-11     1.18629e-10     3.82900e-09    -8.85587e-10     1.08584e-09 
   30     1.09438e-10     2.70194e-10     4.73864e-09    -6.77434e-10     1.25264e-09 
   40    -1.50070e-10     2.40385e-10     1.03575e-08    -1.03706e-09     1.31662e-09 
   50    -1.50324e-09     6.21968e-11     7.76971e-08    -1.55223e-09     1.44598e-09 
   60    -4.74587e-08     7.71731e-11     2.95109e-06    -2.46711e-09     3.00936e-09 
   70     2.93866e-07     5.95717e-10     9.67521e-06    -5.87765e-09     2.21671e-08 
   80    -1.46913e-06     1.93128e-09     2.51235e-04    -1.18692e-08     3.61230e-07 
   90    -9.27454e-06     9.92532e-10     1.50406e-04    -5.34980e-07     1.56948e-06 
  100    -3.77446e-05    -6.91811e-09     3.07446e-04    -1.72380e-05     1.01589e-06 
  110    -3.00048e-05    -2.59735e-09     2.38627e-04    -3.11218e-05     5.37060e-06 
  120    -2.18563e-05     4.05163e-09     3.98615e-04    -3.01350e-05     1.61869e-05 
  130    -3.71515e-05     2.65784e-08     3.24419e-04    -3.41528e-05     2.45451e-05 
  140    -3.81826e-05     1.58320e-07     3.14919e-04    -4.22036e-05     4.47953e-05 
  150    -1.93536e-05     2.38022e-07     2.82035e-04    -6.14996e-05     4.94355e-05 
  160    -4.37943e-05     1.24304e-07     2.55913e-04    -8.67242e-05     4.58803e-05 
  170    -1.18791e-05     4.74761e-06     2.69111e-04    -4.00266e-05     8.17851e-05 
  180     6.50938e-05     1.95410e-05     3.62379e-04    -9.13952e-06     1.26893e-04 
  190     1.10128e-04     4.97326e-05     3.52288e-04    -2.00376e-07     2.05185e-04 
  200     1.44002e-04     6.62253e-05     3.89081e-04     4.68432e-08     2.51748e-04 
  210     1.20985e-04     4.65460e-05     3.61646e-04    -6.11527e-06     2.30613e-04 
  220     1.84187e-04     6.82300e-05     4.78166e-04    -1.22068e-06     3.15157e-04 
  230     1.61982e-04     5.24171e-05     5.04187e-04    -1.09771e-05     3.44489e-04 
  240     1.41730e-04     1.85042e-05     6.64306e-04    -6.94622e-05     2.89574e-04 
  250     1.36138e-04     6.77056e-06     9.93421e-04    -1.12888e-04     2.31711e-04 
  260     2.01248e-04     1.91797e-05     9.95591e-04    -7.96674e-05     3.67034e-04 
  270     1.04475e-04     9.95159e-06     7.40818e-04    -1.25807e-04     3.11998e-04 
  280     7.55075e-06    -3.22594e-07     6.73315e-04    -1.85607e-04     2.01222e-04 
  290    -7.60692e-05    -6.10526e-06     7.15206e-04    -2.71693e-04     1.43483e-04 
  300    -2.75042e-05    -4.62398e-06     6.04613e-04    -2.29469e-04     1.71103e-04 
  310     3.36324e-05     1.80619e-06     8.82200e-04    -1.71648e-04     2.58124e-04 
  320     1.78037e-04     4.42290e-05     7.23205e-04    -7.61133e-05     4.22798e-04 
  330     1.92288e-04     6.96083e-05     7.69846e-04    -7.54910e-05     4.69941e-04 
  340     1.38869e-04     4.09487e-05     8.56761e-04    -1.25191e-04     4.66599e-04 
  350     6.57847e-05     3.41250e-05     8.63150e-04    -1.48985e-04     3.97415e-04 
  370     4.29927e-05     1.94309e-06     7.80645e-04    -2.47348e-04     2.79385e-04 
