    0     1.68701e-12     1.61305e-13     4.22980e-12     2.11024e-14     1.38420e-12 
    1     3.22892e-15     5.23272e-16     1.14807e-14     9.10897e-17     2.19165e-15 
    2     7.64092e-16     1.24621e-16     2.77363e-15     2.31177e-17     4.70689e-16 
    3     4.08664e-16     6.24873e-17     1.71143e-15     1.23707e-17     2.30424e-16 
    4     2.77026e-16     4.09141e-17     1.22512e-15     8.40082e-18     1.51529e-16 
    5     2.08525e-16     3.00004e-17     9.31479e-16     6.40733e-18     1.12331e-16 
    6     1.71494e-16     2.49101e-17     8.31662e-16     5.34104e-18     9.24477e-17 
    7     1.46120e-16     2.19552e-17     7.77837e-16     4.56768e-18     8.08015e-17 
    8     1.29511e-16     1.99468e-17     7.47522e-16     4.08573e-18     7.22177e-17 
    9     1.19159e-16     1.85527e-17     7.30997e-16     3.72883e-18     6.63129e-17 
   10     1.11823e-16     1.74594e-17     7.48724e-16     3.46052e-18     6.26931e-17 
   20     1.06407e-16     1.34833e-17     7.18361e-16     2.65812e-18     5.37277e-17 
   30     2.51022e-16     1.89472e-17     6.34170e-15     3.73659e-18     8.00108e-17 
   40     7.92103e-16     3.67792e-17     1.62379e-14     7.06849e-18     1.70147e-16 
   50     4.68325e-14     7.22647e-17     1.79281e-12     1.39908e-17     3.42340e-16 
   60     1.05472e-10     2.52830e-16     6.64695e-09     3.87937e-17     4.39717e-15 
   70     8.85497e-10     7.24034e-15     4.31887e-08     2.13790e-16     9.90379e-13 
   80     1.30335e-07     2.49139e-13     6.27673e-06     2.04058e-15     4.30422e-11 
   90     2.82225e-07     3.49825e-11     2.21796e-06     2.49093e-14     7.72683e-09 
  100     1.31944e-06     5.48193e-10     2.22798e-05     1.62209e-12     6.17694e-08 
  110     9.84529e-07     8.75988e-09     6.22500e-06     9.91022e-12     3.53637e-07 
  120     1.21146e-06     2.83721e-08     5.44008e-06     1.16819e-10     5.14450e-07 
  130     2.06111e-06     7.16959e-08     1.31800e-05     5.95646e-10     7.58526e-07 
  140     1.50298e-06     1.09341e-07     5.11403e-06     2.40436e-09     1.12095e-06 
  150     1.63978e-06     1.27467e-07     6.86595e-06     5.11619e-09     1.02182e-06 
  160     1.24206e-06     1.21778e-07     3.34503e-06     6.22799e-09     9.28704e-07 
  170     1.88711e-06     1.85861e-07     1.49764e-04     8.16725e-09     1.21246e-06 
  180     1.85483e-06     1.30757e-07     1.69762e-05     6.31175e-09     7.00724e-07 
  190     1.97406e-06     1.35267e-07     1.33272e-05     8.45615e-09     9.99395e-07 
  200     2.17468e-06     2.65237e-07     6.97195e-06     1.50454e-08     1.89867e-06 
  210     3.05513e-06     3.19427e-07     1.23334e-05     2.36723e-08     2.00447e-06 
  220     4.45665e-06     5.33763e-07     1.72552e-05     4.28515e-08     3.36727e-06 
  230     5.66942e-06     7.42092e-07     1.35532e-05     4.00151e-08     4.89599e-06 
  240     9.59589e-06     7.94486e-07     3.29699e-05     3.61076e-08     6.28221e-06 
  250     1.17994e-05     8.42449e-07     4.66710e-05     3.94568e-08     5.40587e-06 
  260     1.33338e-05     9.40005e-07     4.82674e-05     5.92388e-08     7.04235e-06 
  270     1.12733e-05     1.00467e-06     3.49548e-05     6.57445e-08     7.83949e-06 
  280     8.71213e-06     8.26714e-07     2.70887e-05     5.20261e-08     6.41817e-06 
  290     8.57324e-06     8.57828e-07     2.96542e-05     5.93333e-08     5.47440e-06 
  300     8.36101e-06     1.22328e-06     2.60334e-05     7.46039e-08     7.17157e-06 
  310     1.13626e-05     1.24988e-06     5.06125e-05     9.42742e-08     8.75360e-06 
  320     1.11596e-05     1.57934e-06     4.99362e-05     1.05200e-07     8.86647e-06 
  330     9.40333e-06     1.52923e-06     3.60007e-05     1.22568e-07     8.45984e-06 
  340     1.59482e-05     2.09483e-06     5.07859e-05     1.68067e-07     1.12359e-05 
  350     1.12274e-05     2.07149e-06     3.52702e-05     1.79645e-07     1.11855e-05 
  370     1.13658e-05     2.02085e-06     3.29789e-05     2.22723e-07     1.03903e-05 
