    0     5.72207e-03     2.91721e-03     7.65934e-03     7.68991e-04     7.91474e-03 
    1     5.81426e-03     2.87803e-03     7.86237e-03     7.78119e-04     7.98000e-03 
    2     5.86038e-03     2.88616e-03     8.01359e-03     7.80603e-04     8.02486e-03 
    3     5.88259e-03     2.91870e-03     7.92556e-03     7.85275e-04     7.99897e-03 
    4     5.92129e-03     2.89940e-03     8.00012e-03     7.83711e-04     7.93514e-03 
    5     5.95774e-03     2.89437e-03     8.12405e-03     7.80055e-04     7.95330e-03 
    6     5.93439e-03     2.90239e-03     7.94409e-03     7.81503e-04     8.11097e-03 
    7     5.93235e-03     2.93444e-03     7.82537e-03     7.82978e-04     8.22744e-03 
    8     5.92851e-03     2.94398e-03     7.74599e-03     7.86440e-04     8.28359e-03 
    9     5.99657e-03     2.97187e-03     7.91655e-03     7.86790e-04     8.27540e-03 
   10     6.09328e-03     3.01309e-03     8.10324e-03     7.91840e-04     8.34359e-03 
   20     6.07437e-03     2.94016e-03     8.53448e-03     7.94296e-04     7.95159e-03 
   30     6.15277e-03     3.00158e-03     8.26191e-03     7.85231e-04     8.02996e-03 
   40     6.63772e-03     3.02362e-03     9.85302e-03     7.97881e-04     8.41641e-03 
   50     6.44350e-03     3.01378e-03     8.53953e-03     7.89455e-04     8.66898e-03 
   60     7.25780e-03     3.22257e-03     1.08754e-02     8.60408e-04     8.98027e-03 
   70     7.00432e-03     3.27034e-03     1.00885e-02     8.40147e-04     9.10621e-03 
   80     7.55073e-03     3.45546e-03     1.08848e-02     8.72373e-04     9.66786e-03 
   90     8.05630e-03     3.34002e-03     1.25406e-02     8.69457e-04     1.03461e-02 
  100     8.38544e-03     3.45476e-03     1.27212e-02     8.84244e-04     1.01096e-02 
  110     7.70324e-03     3.24709e-03     1.25456e-02     8.63277e-04     8.95944e-03 
  120     6.63340e-03     3.23519e-03     8.49626e-03     8.58560e-04     9.10546e-03 
  130     6.97733e-03     3.24204e-03     9.72125e-03     8.76585e-04     9.02564e-03 
  140     7.38292e-03     3.43785e-03     9.78856e-03     8.92116e-04     9.91091e-03 
  150     7.01766e-03     3.45212e-03     9.18399e-03     9.11635e-04     9.44134e-03 
  160     7.12960e-03     3.10543e-03     9.97062e-03     8.32254e-04     9.16673e-03 
  170     6.86917e-03     3.15091e-03     9.12969e-03     8.65917e-04     9.09216e-03 
  180     6.10481e-03     3.11822e-03     7.45206e-03     8.45824e-04     8.54181e-03 
  190     6.29637e-03     3.13902e-03     8.00323e-03     8.58937e-04     8.70100e-03 
  200     6.66683e-03     3.24130e-03     8.93501e-03     8.67034e-04     8.87072e-03 
  210     6.53776e-03     3.24559e-03     8.47860e-03     8.83257e-04     8.81606e-03 
  220     6.47781e-03     3.07202e-03     8.51306e-03     8.52119e-04     8.46932e-03 
  230     6.87745e-03     3.19279e-03     9.21749e-03     8.76793e-04     8.98808e-03 
  240     7.89446e-03     3.25922e-03     1.16829e-02     8.50635e-04     9.64226e-03 
  250     6.74933e-03     3.10358e-03     9.61718e-03     8.44932e-04     8.52248e-03 
  260     6.74196e-03     2.97535e-03     1.02985e-02     8.00658e-04     7.95032e-03 
  270     6.08631e-03     2.85151e-03     8.78275e-03     8.26682e-04     7.56843e-03 
  280     5.80969e-03     2.80067e-03     8.07824e-03     8.03554e-04     7.37569e-03 
  290     5.78086e-03     2.90311e-03     7.49590e-03     8.01113e-04     7.74273e-03 
  300     5.95410e-03     2.84199e-03     8.37462e-03     8.15791e-04     7.69461e-03 
  310     6.00683e-03     2.83459e-03     8.39935e-03     8.04867e-04     7.51944e-03 
  320     6.23614e-03     2.90841e-03     8.32133e-03     7.94586e-04     8.23361e-03 
  330     5.60745e-03     2.84628e-03     7.05789e-03     7.78386e-04     7.77144e-03 
  340     6.39500e-03     2.83213e-03     9.65285e-03     8.05870e-04     8.08727e-03 
  350     6.43631e-03     2.87600e-03     9.13763e-03     7.85967e-04     8.13302e-03 
  370     5.78806e-03     2.91755e-03     7.33868e-03     8.06621e-04     8.00653e-03 
