    0     1.66949e-12     1.57567e-13     4.21445e-12     2.06239e-14     1.41005e-12 
    1     3.30144e-15     5.26784e-16     1.10640e-14     9.03521e-17     2.20085e-15 
    2     6.17918e-16     1.07693e-16     2.07893e-15     1.94065e-17     4.25720e-16 
    3     2.52671e-16     4.26486e-17     9.92104e-16     7.93018e-18     1.64089e-16 
    4     1.40314e-16     2.23461e-17     6.70569e-16     4.35649e-18     8.52768e-17 
    5     9.25162e-17     1.34507e-17     5.27878e-16     2.70928e-18     5.23364e-17 
    6     6.77935e-17     9.40586e-18     4.50236e-16     1.91965e-18     3.54184e-17 
    7     5.16678e-17     7.05742e-18     3.88527e-16     1.46611e-18     2.44959e-17 
    8     4.15478e-17     5.48906e-18     3.40091e-16     1.16233e-18     1.81028e-17 
    9     3.50544e-17     4.43640e-18     3.17434e-16     9.27959e-19     1.45299e-17 
   10     3.05834e-17     3.64078e-18     3.29375e-16     7.41379e-19     1.21003e-17 
   20     1.46622e-17     9.96220e-19     1.91218e-16     1.54995e-19     4.42738e-18 
   30     2.24667e-17     1.01631e-18     8.16271e-16     1.80270e-19     4.39555e-18 
   40     1.07300e-16     1.43871e-18     3.94415e-15     2.71617e-19     7.04319e-18 
   50     6.03910e-15     2.23158e-18     2.80611e-13     3.71335e-19     1.38160e-17 
   60     8.71120e-12     7.52681e-18     8.66605e-10     7.40115e-19     1.39312e-16 
   70     9.36961e-11     1.25956e-16     5.40809e-09     3.29118e-18     2.98157e-14 
   80     6.31213e-08     5.01185e-15     3.57983e-06     2.48289e-17     1.61432e-12 
   90     2.27081e-08     1.03882e-12     2.24798e-07     2.48446e-16     1.71419e-10 
  100     9.59480e-08     2.53598e-11     3.20446e-06     4.94608e-14     2.94137e-09 
  110     5.78432e-08     2.06200e-10     8.12840e-07     3.53769e-13     9.75331e-09 
  120     1.59372e-07     4.71488e-10     2.22702e-06     2.91032e-12     1.23795e-08 
  130     1.06628e-07     8.08223e-10     1.88211e-06     1.22288e-11     1.74108e-08 
  140     1.00632e-07     1.91041e-09     8.80054e-07     2.82910e-11     2.50727e-08 
  150     7.99185e-08     2.94831e-09     5.76816e-07     5.00511e-11     3.62592e-08 
  160     6.74094e-08     3.68866e-09     4.98230e-07     1.27800e-10     3.30142e-08 
  170     7.25618e-08     4.31852e-09     3.05149e-06     1.64311e-10     3.28320e-08 
  180     1.35556e-07     5.32656e-09     2.94895e-06     2.49569e-10     3.15392e-08 
  190     1.36235e-07     1.25133e-08     4.95866e-06     5.78639e-10     6.84366e-08 
  200     1.72121e-07     1.41303e-08     3.35957e-06     9.94397e-10     8.93452e-08 
  210     1.45425e-07     1.26271e-08     1.21626e-06     8.31008e-10     1.01837e-07 
  220     2.62568e-07     2.11486e-08     2.20369e-06     1.17297e-09     1.48689e-07 
  230     2.80442e-07     2.62568e-08     1.30291e-06     1.31431e-09     2.15923e-07 
  240     4.61389e-07     2.99686e-08     4.92296e-06     1.21045e-09     2.39988e-07 
  250     1.00542e-06     2.98755e-08     7.28647e-06     1.24446e-09     2.27753e-07 
  260     1.03170e-06     4.21507e-08     8.79378e-06     1.73879e-09     3.57605e-07 
  270     5.59726e-07     4.54023e-08     5.19452e-06     2.30079e-09     3.27922e-07 
  280     4.53410e-07     3.71745e-08     1.97611e-06     1.91626e-09     2.64628e-07 
  290     5.17306e-07     4.33089e-08     3.37003e-06     2.15811e-09     2.92682e-07 
  300     3.66313e-07     4.01519e-08     3.67494e-06     2.94240e-09     2.31554e-07 
  310     7.79409e-07     4.55720e-08     1.00188e-05     3.12470e-09     2.86668e-07 
  320     5.54722e-07     5.40027e-08     6.17838e-06     3.46417e-09     3.48067e-07 
  330     6.29638e-07     7.56616e-08     6.27508e-06     5.21119e-09     3.99000e-07 
  340     7.53323e-07     8.86445e-08     1.54267e-05     6.00078e-09     4.61080e-07 
  350     7.49355e-07     8.05149e-08     8.42399e-06     6.08299e-09     4.05948e-07 
  370     6.11255e-07     6.88825e-08     6.90776e-06     6.55762e-09     3.68341e-07 
