    0     1.50798e-12     1.55267e-13     3.59348e-12     1.93114e-14     1.42713e-12 
    1     2.54422e-15     3.50925e-16     9.48958e-15     5.96695e-17     1.50936e-15 
    2     5.19191e-16     8.19990e-17     1.74892e-15     1.48358e-17     3.34772e-16 
    3     2.38333e-16     3.74151e-17     9.63040e-16     7.05639e-18     1.48715e-16 
    4     1.42842e-16     2.12075e-17     6.91017e-16     4.08273e-18     8.39042e-17 
    5     9.60996e-17     1.32200e-17     5.41495e-16     2.61413e-18     5.17588e-17 
    6     7.06414e-17     9.09496e-18     4.69210e-16     1.82634e-18     3.46224e-17 
    7     5.51240e-17     6.42189e-18     4.47194e-16     1.33648e-18     2.43491e-17 
    8     4.55769e-17     4.76092e-18     4.58616e-16     1.04207e-18     1.85579e-17 
    9     3.99255e-17     3.74449e-18     4.85046e-16     8.27137e-19     1.51692e-17 
   10     3.55434e-17     3.09012e-18     4.65723e-16     6.78021e-19     1.25900e-17 
   20     2.12074e-17     1.04790e-18     4.81780e-16     2.13453e-19     4.48226e-18 
   30     2.63978e-17     1.05896e-18     1.14523e-15     2.20498e-19     3.89529e-18 
   40     1.74265e-16     1.16938e-18     7.28864e-15     2.04247e-19     5.06641e-18 
   50     1.85588e-14     1.95746e-18     8.95079e-13     3.65741e-19     1.40879e-17 
   60     2.54415e-11     4.65932e-18     9.79815e-10     6.08218e-19     4.87154e-17 
   70     1.76270e-10     5.31081e-17     1.54644e-08     3.18334e-18     6.27863e-15 
   80     9.38136e-08     1.06399e-15     5.95663e-06     1.48176e-17     3.12444e-13 
   90     2.76948e-08     4.60000e-13     7.31549e-07     2.98629e-16     2.27988e-10 
  100     1.63986e-07     1.58777e-11     8.88450e-06     3.41611e-14     1.21855e-09 
  110     5.56945e-08     1.76615e-10     1.23944e-06     2.56086e-13     4.57350e-09 
  120     2.75222e-07     2.53025e-10     3.32403e-06     3.24177e-12     4.33570e-09 
  130     1.05492e-07     5.11307e-10     3.06427e-06     9.15332e-12     8.35416e-09 
  140     3.47639e-08     7.01106e-10     9.36629e-07     2.66302e-11     9.15954e-09 
  150     3.40326e-08     9.89831e-10     1.32178e-06     4.02037e-11     1.01675e-08 
  160     2.73125e-08     1.04040e-09     7.71837e-07     4.53004e-11     9.94129e-09 
  170     4.25223e-07     9.67230e-10     1.98020e-04     5.75340e-11     6.69975e-09 
  180     7.16204e-08     1.18493e-09     2.21450e-06     7.85828e-11     7.63863e-09 
  190     1.12869e-07     1.30552e-09     5.24221e-06     9.28496e-11     1.02974e-08 
  200     1.51400e-07     1.78909e-09     6.29525e-06     1.16258e-10     1.39223e-08 
  210     8.78647e-08     2.22399e-09     3.77136e-06     1.51090e-10     1.60940e-08 
  220     1.28444e-07     2.70739e-09     2.71818e-06     2.17110e-10     1.80971e-08 
  230     7.55390e-08     4.14946e-09     1.21796e-06     2.43909e-10     3.62034e-08 
  240     2.73153e-07     6.70843e-09     7.35690e-06     3.27297e-10     5.14956e-08 
  250     1.52362e-07     6.31851e-09     1.59656e-06     4.28661e-10     4.68239e-08 
  260     4.82976e-07     8.14357e-09     1.13609e-05     5.30324e-10     7.25922e-08 
  270     2.28081e-07     8.68187e-09     6.27115e-06     5.68449e-10     6.29097e-08 
  280     1.72008e-07     1.23433e-08     2.63449e-06     7.79708e-10     7.84913e-08 
  290     1.30432e-07     1.01766e-08     2.60675e-06     6.83090e-10     5.66329e-08 
  300     2.60677e-07     7.88180e-09     1.47402e-05     6.15390e-10     4.96727e-08 
  310     4.10776e-07     8.43924e-09     9.11174e-06     6.74612e-10     4.65327e-08 
  320     3.00791e-07     1.06410e-08     1.41786e-05     8.86810e-10     5.63853e-08 
  330     2.27787e-07     9.89045e-09     2.68982e-06     8.05272e-10     6.69856e-08 
  340     3.26127e-07     1.53372e-08     9.53325e-06     1.23056e-09     8.67511e-08 
  350     4.01625e-07     1.66562e-08     8.33935e-06     1.33475e-09     9.05538e-08 
  370     2.59035e-07     1.89326e-08     5.28286e-06     1.90464e-09     9.20193e-08 
