    0     2.53569e-18     1.18412e-18     3.32833e-18     2.57341e-19     3.56811e-18 
    1     6.56883e-20     2.54859e-21     4.27062e-19     3.61624e-22     1.42126e-20 
    2     2.78336e-20     4.81958e-22     2.43075e-19     6.59301e-23     2.86027e-21 
    3     1.61693e-20     1.82732e-22     1.69071e-19     2.48812e-23     1.15782e-21 
    4     1.11737e-20     9.36019e-23     1.37537e-19     1.29121e-23     6.28329e-22 
    5     8.58911e-21     5.66946e-23     1.19805e-19     7.75433e-24     3.95538e-22 
    6     7.04575e-21     3.84650e-23     1.07678e-19     5.45901e-24     2.70745e-22 
    7     5.86691e-21     2.70487e-23     9.58721e-20     4.14845e-24     1.92117e-22 
    8     5.02964e-21     2.01998e-23     8.49027e-20     3.17012e-24     1.45751e-22 
    9     4.46684e-21     1.59359e-23     7.97229e-20     2.49912e-24     1.17091e-22 
   10     4.13056e-21     1.27734e-23     8.45553e-20     1.96357e-24     9.79776e-23 
   20     2.08359e-21     3.90948e-24     4.75483e-20     4.15505e-25     3.40181e-23 
   30     2.12119e-21     3.89007e-24     8.14931e-20     5.09584e-25     3.31602e-23 
   40     7.72955e-21     5.92747e-24     6.91072e-19     7.32849e-25     5.74506e-23 
   50     1.27558e-19     1.01233e-23     7.08036e-18     1.18498e-24     1.10199e-22 
   60     2.00245e-16     4.29091e-23     3.60865e-14     3.57460e-24     7.53488e-22 
   70     3.43168e-15     7.51256e-22     4.29639e-13     2.77885e-23     6.55820e-20 
   80     3.29254e-12     1.88876e-20     2.81207e-10     3.14732e-22     2.56046e-18 
   90     4.55048e-13     2.71397e-18     1.75726e-11     2.90471e-21     3.38996e-16 
  100     1.91904e-12     8.10707e-17     1.22285e-10     2.90408e-19     5.25764e-15 
  110     9.37138e-13     5.98409e-16     9.40057e-11     2.70000e-18     1.92542e-14 
  120     2.47927e-12     1.52868e-15     6.74548e-11     1.82473e-17     2.22978e-14 
  130     2.67079e-12     2.21377e-15     4.77209e-10     7.08814e-17     4.22252e-14 
  140     1.93159e-12     4.88028e-15     1.75538e-10     1.57507e-16     5.96307e-14 
  150     7.53455e-13     7.90561e-15     3.05650e-11     2.98463e-16     8.03558e-14 
  160     9.10012e-13     1.01294e-14     7.45568e-11     6.68065e-16     8.40240e-14 
  170     1.83052e-12     1.18091e-14     6.84627e-10     8.30019e-16     9.99598e-14 
  180     5.98463e-12     1.32143e-14     3.91779e-10     1.22345e-15     9.94203e-14 
  190     5.58629e-12     3.46326e-14     8.79515e-10     2.68349e-15     2.10373e-13 
  200     7.15379e-12     4.71677e-14     6.54772e-10     4.61491e-15     2.41206e-13 
  210     2.51128e-12     4.58855e-14     3.06782e-10     4.69704e-15     2.54390e-13 
  220     5.61235e-12     6.68490e-14     3.60789e-10     7.05629e-15     3.94294e-13 
  230     3.30153e-12     8.48844e-14     2.46413e-10     8.53335e-15     5.09757e-13 
  240     1.03300e-11     8.82535e-14     9.06939e-10     7.29461e-15     5.91821e-13 
  250     6.32187e-12     9.56671e-14     2.28368e-10     7.51134e-15     6.84284e-13 
  260     1.61744e-11     1.52393e-13     1.51375e-09     1.07301e-14     1.11340e-12 
  270     1.00539e-11     1.58990e-13     6.26868e-10     1.48563e-14     9.85491e-13 
  280     6.30990e-12     1.26960e-13     1.59551e-10     1.23421e-14     8.32685e-13 
  290     1.01412e-11     1.50406e-13     6.07050e-10     1.42962e-14     9.01178e-13 
  300     1.09079e-11     1.37710e-13     7.12131e-10     1.58700e-14     7.83973e-13 
  310     3.52054e-11     1.59477e-13     1.76033e-09     2.00492e-14     8.68170e-13 
  320     2.02715e-11     1.74449e-13     1.21736e-09     1.85270e-14     1.11267e-12 
  330     2.31851e-11     2.57031e-13     1.46008e-09     2.94074e-14     1.35789e-12 
  340     4.14805e-11     2.97105e-13     4.03029e-09     3.13811e-14     1.58977e-12 
  350     3.12570e-11     2.67538e-13     2.04186e-09     3.23206e-14     1.42660e-12 
  370     2.01617e-11     2.52913e-13     1.62430e-09     3.51457e-14     1.25220e-12 
