    0     2.58861e-18     1.19745e-18     3.45917e-18     2.59806e-19     3.59334e-18 
    1     7.09896e-20     2.56563e-21     4.74559e-19     3.56935e-22     1.42748e-20 
    2     3.15712e-20     5.42466e-22     2.81776e-19     7.84588e-23     3.42339e-21 
    3     1.97382e-20     2.69607e-22     2.14653e-19     4.04912e-23     1.66762e-21 
    4     1.48254e-20     1.77088e-22     1.89774e-19     2.79985e-23     1.07157e-21 
    5     1.21470e-20     1.30951e-22     1.70478e-19     2.11440e-23     8.00711e-22 
    6     1.08813e-20     1.06442e-22     1.76955e-19     1.79155e-23     6.46835e-22 
    7     1.00109e-20     9.20581e-23     1.70956e-19     1.56093e-23     5.43437e-22 
    8     9.71468e-21     8.16866e-23     1.73027e-19     1.40226e-23     4.70498e-22 
    9     9.40328e-21     7.41443e-23     1.74434e-19     1.25232e-23     4.27409e-22 
   10     9.33605e-21     6.88073e-23     1.85079e-19     1.16148e-23     4.11054e-22 
   20     8.28993e-21     5.96395e-23     1.67484e-19     7.98506e-24     4.12695e-22 
   30     1.26162e-20     7.82372e-23     3.98626e-19     1.09604e-23     5.54568e-22 
   40     3.03663e-20     1.58645e-22     1.48222e-18     1.87983e-23     1.43001e-21 
   50     1.17568e-18     3.47634e-22     1.08889e-16     4.41278e-23     2.83136e-21 
   60     1.84179e-15     1.56168e-21     2.59769e-13     1.80291e-22     2.02161e-20 
   70     1.84147e-14     4.47485e-20     1.45442e-12     1.76120e-21     2.26810e-18 
   80     6.74706e-12     9.60543e-19     5.32227e-10     2.30140e-20     6.07327e-17 
   90     3.32451e-12     8.90106e-17     8.61511e-11     2.62885e-19     1.21210e-14 
  100     1.86491e-11     1.63783e-15     7.58407e-10     9.98847e-18     1.19568e-13 
  110     6.91728e-12     2.31647e-14     1.74649e-10     8.06352e-17     6.71248e-13 
  120     9.40353e-12     8.17998e-14     1.67045e-10     8.32879e-16     1.00355e-12 
  130     3.58452e-11     1.67085e-13     2.68916e-09     3.73302e-15     1.80849e-12 
  140     1.99302e-11     2.60907e-13     7.55588e-10     1.23504e-14     2.39725e-12 
  150     1.49066e-11     2.82161e-13     6.21858e-10     2.29550e-14     2.42403e-12 
  160     1.02866e-11     3.08452e-13     2.10162e-10     3.14453e-14     2.29194e-12 
  170     6.95575e-11     5.22011e-13     3.28233e-08     4.27314e-14     3.21305e-12 
  180     4.06350e-11     3.40859e-13     1.51710e-09     3.61429e-14     1.98943e-12 
  190     3.54108e-11     3.82173e-13     1.71628e-09     4.16403e-14     2.76822e-12 
  200     3.07596e-11     8.48049e-13     7.29203e-10     7.90951e-14     4.41391e-12 
  210     3.53306e-11     1.04040e-12     1.10284e-09     1.18986e-13     5.51155e-12 
  220     4.87386e-11     1.76875e-12     1.16093e-09     2.33643e-13     9.11865e-12 
  230     3.86720e-11     2.39026e-12     9.04170e-10     2.49764e-13     1.19211e-11 
  240     7.29178e-11     2.43152e-12     2.12493e-09     2.41653e-13     1.44609e-11 
  250     8.50433e-11     2.54651e-12     1.19165e-09     2.53342e-13     1.73189e-11 
  260     1.24569e-10     3.51365e-12     3.20808e-09     3.86451e-13     2.06635e-11 
  270     1.09039e-10     3.78476e-12     2.05323e-09     4.54171e-13     2.37678e-11 
  280     7.91264e-11     3.16319e-12     1.22275e-09     3.95011e-13     2.03520e-11 
  290     9.70825e-11     2.96782e-12     2.07136e-09     4.35807e-13     1.81862e-11 
  300     1.27955e-10     4.18533e-12     2.74660e-09     5.15364e-13     2.31413e-11 
  310     2.18499e-10     4.52287e-12     4.70882e-09     6.40863e-13     2.66896e-11 
  320     2.29882e-10     5.24987e-12     6.79204e-09     7.63607e-13     2.51581e-11 
  330     1.96412e-10     5.40004e-12     6.41475e-09     7.94985e-13     2.73897e-11 
  340     2.07167e-10     7.83798e-12     5.77264e-09     1.06634e-12     3.82628e-11 
  350     1.68349e-10     8.03857e-12     4.64124e-09     1.20997e-12     3.66663e-11 
  370     1.79230e-10     7.67153e-12     3.49757e-09     1.41253e-12     3.58584e-11 
