    0    -2.57288e-08    -3.19461e-09     1.25486e-06    -3.69694e-07     3.46970e-07 
    1    -3.24413e-09    -3.76454e-11     5.55184e-08    -2.26728e-08     2.17961e-08 
    2    -1.35924e-09    -1.04523e-11     2.37095e-08    -1.06762e-08     9.62341e-09 
    3    -6.73403e-10    -1.45273e-12     1.52311e-08    -6.79102e-09     6.07081e-09 
    4    -3.29799e-10     9.09055e-11     1.15379e-08    -4.91958e-09     4.51611e-09 
    5    -1.70097e-10     1.26267e-10     9.56227e-09    -3.80565e-09     3.57372e-09 
    6    -7.45030e-11     1.24980e-10     8.45393e-09    -3.13388e-09     3.06058e-09 
    7    -7.84056e-13     1.08369e-10     7.67675e-09    -2.66470e-09     2.74378e-09 
    8     3.73452e-11     8.98169e-11     7.16987e-09    -2.29696e-09     2.50378e-09 
    9     5.68586e-11     7.88717e-11     6.85429e-09    -2.02919e-09     2.29673e-09 
   10     8.17646e-11     9.77078e-11     6.68233e-09    -1.82765e-09     2.11929e-09 
   20     8.70147e-11     1.26716e-10     5.63335e-09    -8.75411e-10     1.09911e-09 
   30     1.65766e-10     2.81728e-10     3.15266e-08    -6.66510e-10     1.28377e-09 
   40    -1.53400e-10     2.68306e-10     1.99243e-08    -1.01421e-09     1.39329e-09 
   50     3.89250e-10     4.53504e-11     8.46993e-08    -1.65083e-09     1.45546e-09 
   60    -4.81636e-08     1.14263e-10     4.78094e-06    -2.46875e-09     3.32220e-09 
   70     3.51437e-07     6.09607e-10     1.12674e-05    -6.57821e-09     2.59157e-08 
   80    -7.36814e-07     1.98106e-09     2.57344e-04    -1.27082e-08     3.64378e-07 
   90    -1.18899e-05     9.60338e-10     1.91512e-04    -7.70961e-07     1.84192e-06 
  100    -4.08214e-05    -7.10941e-09     3.45512e-04    -1.66876e-05     1.04698e-06 
  110    -3.35244e-05    -3.38394e-09     3.04051e-04    -3.34459e-05     5.99000e-06 
  120    -3.61667e-05     2.54332e-09     4.48244e-04    -3.45940e-05     1.56854e-05 
  130    -4.16838e-05     2.63243e-08     4.32406e-04    -3.73977e-05     2.53536e-05 
  140    -3.47619e-05     2.13581e-07     4.48885e-04    -4.43490e-05     4.93315e-05 
  150    -1.99673e-05     1.90130e-07     5.22884e-04    -6.92403e-05     4.97654e-05 
  160    -4.11612e-05     1.47735e-07     4.40664e-04    -8.90567e-05     4.95349e-05 
  170    -4.58099e-06     5.96009e-06     5.56615e-04    -3.85004e-05     8.88395e-05 
  180     6.81310e-05     2.01268e-05     6.71653e-04    -1.11139e-05     1.31158e-04 
  190     1.14952e-04     5.22429e-05     6.53220e-04    -2.45703e-07     2.12186e-04 
  200     1.43948e-04     6.74345e-05     7.33886e-04    -2.08459e-08     2.59109e-04 
  210     1.31841e-04     4.87239e-05     6.59803e-04    -6.06265e-06     2.43347e-04 
  220     1.96641e-04     6.98055e-05     8.67367e-04    -1.61487e-06     3.25324e-04 
  230     1.65918e-04     5.40253e-05     8.94552e-04    -1.19069e-05     3.59104e-04 
  240     1.42650e-04     1.78074e-05     1.24449e-03    -7.71204e-05     2.93283e-04 
  250     1.40640e-04     6.65253e-06     1.44354e-03    -1.16336e-04     2.32967e-04 
  260     1.88195e-04     1.61754e-05     1.32678e-03    -9.03234e-05     3.56486e-04 
  270     9.47976e-05     8.62056e-06     1.18801e-03    -1.37336e-04     3.07569e-04 
  280    -1.28063e-05    -5.20992e-07     1.17134e-03    -1.96518e-04     2.07747e-04 
  290    -8.81093e-05    -7.58127e-06     1.16851e-03    -2.84201e-04     1.41907e-04 
  300    -2.35782e-05    -5.06319e-06     1.25309e-03    -2.34511e-04     1.75407e-04 
  310     5.64138e-05     2.37404e-06     1.63864e-03    -1.72813e-04     2.66295e-04 
  320     1.90612e-04     4.40410e-05     1.39058e-03    -8.07418e-05     4.30284e-04 
  330     2.19986e-04     7.52134e-05     1.27777e-03    -7.46744e-05     4.85042e-04 
  340     1.50916e-04     4.55624e-05     1.24122e-03    -1.29784e-04     4.86670e-04 
  350     6.37326e-05     3.69415e-05     1.29407e-03    -1.54544e-04     4.07058e-04 
  370     4.50423e-05     2.29284e-06     1.27652e-03    -2.53874e-04     2.89143e-04 
