    0     3.94108e+33     3.10041e+33     3.23980e+33     1.38762e+33     5.73737e+33 
    1     1.07262e+32     7.59282e+30     6.26025e+32     1.81276e+30     3.33415e+31 
    2     5.47530e+31     1.54628e+30     5.08121e+32     3.53677e+29     7.72904e+30 
    3     3.97716e+31     6.84867e+29     4.87119e+32     1.52029e+29     3.47147e+30 
    4     3.37149e+31     4.05746e+29     4.82608e+32     8.92819e+28     2.06578e+30 
    5     3.05491e+31     2.69389e+29     4.80596e+32     5.98475e+28     1.41160e+30 
    6     3.12301e+31     1.95566e+29     6.33217e+32     4.46615e+28     1.06768e+30 
    7     3.15551e+31     1.50165e+29     5.90984e+32     3.57404e+28     8.50808e+29 
    8     3.27776e+31     1.21818e+29     7.00861e+32     2.98855e+28     7.18467e+29 
    9     3.32378e+31     1.04137e+29     7.76129e+32     2.56830e+28     6.30324e+29 
   10     3.71646e+31     9.23364e+28     1.10769e+33     2.19248e+28     5.73015e+29 
   20     2.59587e+31     5.59802e+28     1.18257e+33     1.00043e+28     3.90433e+29 
   30     2.11520e+33     6.50544e+28     4.47992e+35     1.11217e+28     4.80251e+29 
   40     1.01094e+33     1.30228e+29     6.48271e+35     1.72159e+28     1.34010e+30 
   50     1.76916e+34     2.72938e+29     4.13594e+36     3.87628e+28     2.37439e+30 
   60     1.79803e+37     1.21099e+30     1.92328e+39     1.47907e+29     1.76134e+31 
   70     9.04371e+37     4.27409e+31     7.62722e+39     1.41743e+30     2.63068e+33 
   80     3.57671e+40     7.65606e+32     3.13042e+42     1.70656e+31     5.10234e+34 
   90     1.39354e+40     1.16574e+35     1.00111e+42     2.59007e+32     1.50698e+37 
  100     9.68189e+40     1.59528e+36     4.99121e+42     1.05233e+34     1.00915e+38 
  110     3.92763e+40     2.50789e+37     2.81508e+42     1.03744e+35     6.06781e+38 
  120     1.05682e+41     6.84487e+37     1.14421e+43     1.06860e+36     7.58614e+38 
  130     1.97403e+41     1.35792e+38     2.61277e+43     4.40529e+36     1.40480e+39 
  140     1.43710e+41     2.06040e+38     8.45085e+42     1.37652e+37     1.87841e+39 
  150     1.45012e+41     2.10014e+38     5.28350e+42     2.05919e+37     2.00225e+39 
  160     1.63322e+41     2.33675e+38     1.15731e+43     3.17855e+37     1.72423e+39 
  170     2.36284e+41     3.74749e+38     2.19222e+43     4.11171e+37     2.38185e+39 
  180     4.41813e+41     2.66762e+38     5.44374e+43     4.02777e+37     1.61969e+39 
  190     6.35847e+41     3.24162e+38     1.03959e+44     5.12714e+37     2.34981e+39 
  200     4.54621e+41     6.60891e+38     2.94540e+43     8.61321e+37     3.39789e+39 
  210     4.80286e+41     7.58795e+38     2.84729e+43     1.11348e+38     4.08498e+39 
  220     5.68130e+41     1.25863e+39     4.29076e+43     2.01728e+38     6.73903e+39 
  230     6.18403e+41     1.73638e+39     4.82291e+43     2.28912e+38     8.73765e+39 
  240     9.70607e+41     1.80230e+39     6.25413e+43     2.28980e+38     1.04814e+40 
  250     1.09711e+42     1.85673e+39     9.06917e+43     2.36400e+38     1.22117e+40 
  260     9.38232e+41     2.61520e+39     3.92921e+43     3.59044e+38     1.46196e+40 
  270     1.30780e+42     2.71638e+39     9.19258e+43     4.12581e+38     1.68645e+40 
  280     9.63004e+41     2.57956e+39     9.77640e+43     3.97427e+38     1.51105e+40 
  290     9.33928e+41     2.22266e+39     6.52166e+43     4.07994e+38     1.31417e+40 
  300     1.16781e+42     2.94888e+39     7.49360e+43     4.48972e+38     1.63521e+40 
  310     2.34705e+42     3.14358e+39     1.41478e+44     5.36765e+38     1.78887e+40 
  320     1.44183e+42     3.85314e+39     7.87449e+43     6.86420e+38     1.80048e+40 
  330     1.22807e+42     3.82125e+39     6.06564e+43     7.24338e+38     1.88446e+40 
  340     9.64166e+41     5.54141e+39     5.21411e+43     9.41641e+38     2.67607e+40 
  350     1.26976e+42     5.66620e+39     6.63810e+43     1.02610e+39     2.52327e+40 
  370     1.50311e+42     5.26642e+39     1.42273e+44     1.13242e+39     2.47003e+40 
