    0     2.18152e-14     1.02492e-14     3.04307e-14     2.57141e-15     2.98867e-14 
    1     2.22902e-14     1.03202e-14     3.12098e-14     2.61329e-15     3.03486e-14 
    2     2.23801e-14     1.03102e-14     3.16631e-14     2.61920e-15     3.04012e-14 
    3     2.24287e-14     1.03325e-14     3.14153e-14     2.62338e-15     3.01383e-14 
    4     2.26056e-14     1.03870e-14     3.16268e-14     2.61845e-15     3.00263e-14 
    5     2.30077e-14     1.04639e-14     3.23912e-14     2.61754e-15     3.04776e-14 
    6     2.29336e-14     1.05283e-14     3.17042e-14     2.60899e-15     3.11098e-14 
    7     2.29206e-14     1.05350e-14     3.12925e-14     2.60959e-15     3.14914e-14 
    8     2.29263e-14     1.05454e-14     3.10306e-14     2.61355e-15     3.18112e-14 
    9     2.32207e-14     1.06239e-14     3.17238e-14     2.60803e-15     3.20040e-14 
   10     2.35282e-14     1.06497e-14     3.24990e-14     2.59907e-15     3.20075e-14 
   20     2.34443e-14     1.06483e-14     3.41029e-14     2.67991e-15     3.03335e-14 
   30     2.37787e-14     1.08023e-14     3.31043e-14     2.61724e-15     3.05638e-14 
   40     2.55993e-14     1.09188e-14     3.91748e-14     2.64087e-15     3.23344e-14 
   50     2.52346e-14     1.11915e-14     3.42362e-14     2.69928e-15     3.38714e-14 
   60     2.77974e-14     1.13491e-14     4.34252e-14     2.71986e-15     3.38467e-14 
   70     2.71642e-14     1.20240e-14     4.02495e-14     2.77468e-15     3.51019e-14 
   80     2.90250e-14     1.21445e-14     4.35776e-14     2.75439e-15     3.68326e-14 
   90     3.13086e-14     1.22943e-14     4.99929e-14     2.83751e-15     3.99016e-14 
  100     3.18219e-14     1.19304e-14     5.04035e-14     2.73296e-15     3.76942e-14 
  110     2.99386e-14     1.16824e-14     5.02395e-14     2.79399e-15     3.45665e-14 
  120     2.53807e-14     1.16661e-14     3.36110e-14     2.72037e-15     3.46786e-14 
  130     2.72223e-14     1.18532e-14     3.90314e-14     2.87989e-15     3.51907e-14 
  140     2.87088e-14     1.25154e-14     3.92836e-14     2.86862e-15     3.83518e-14 
  150     2.67969e-14     1.22961e-14     3.63011e-14     2.89910e-15     3.58417e-14 
  160     2.77622e-14     1.14028e-14     3.99033e-14     2.75705e-15     3.54716e-14 
  170     2.62398e-14     1.10449e-14     3.65526e-14     2.76323e-15     3.38105e-14 
  180     2.37741e-14     1.14181e-14     2.99060e-14     2.80039e-15     3.32159e-14 
  190     2.40068e-14     1.11447e-14     3.18454e-14     2.76648e-15     3.27738e-14 
  200     2.60258e-14     1.20354e-14     3.58695e-14     2.86994e-15     3.44487e-14 
  210     2.55173e-14     1.17589e-14     3.42001e-14     2.89557e-15     3.43210e-14 
  220     2.52464e-14     1.13225e-14     3.42104e-14     2.86568e-15     3.27019e-14 
  230     2.68351e-14     1.16864e-14     3.71233e-14     2.91053e-15     3.46164e-14 
  240     3.10150e-14     1.22011e-14     4.68852e-14     2.91963e-15     3.77093e-14 
  250     2.65629e-14     1.15764e-14     3.87939e-14     2.88674e-15     3.34700e-14 
  260     2.63165e-14     1.09451e-14     4.14569e-14     2.74221e-15     3.05294e-14 
  270     2.37465e-14     1.05930e-14     3.52086e-14     2.86718e-15     2.93785e-14 
  280     2.28748e-14     1.05291e-14     3.25256e-14     2.80297e-15     2.89952e-14 
  290     2.25721e-14     1.08161e-14     3.00926e-14     2.80238e-15     3.00263e-14 
  300     2.32348e-14     1.05633e-14     3.36429e-14     2.84446e-15     2.97602e-14 
  310     2.34176e-14     1.06457e-14     3.32771e-14     2.83534e-15     2.93419e-14 
  320     2.46298e-14     1.10396e-14     3.35369e-14     2.81201e-15     3.24161e-14 
  330     2.21483e-14     1.09265e-14     2.83805e-14     2.84418e-15     3.06119e-14 
  340     2.52192e-14     1.07418e-14     3.88113e-14     2.85734e-15     3.18239e-14 
  350     2.53530e-14     1.09613e-14     3.65394e-14     2.84006e-15     3.19938e-14 
  370     2.27983e-14     1.10814e-14     2.95044e-14     2.85895e-15     3.15419e-14 
