    0    -9.72085e-09    -1.35459e-09     1.23760e-06    -3.66240e-07     3.60257e-07 
    1    -6.08044e-10    -2.43745e-10     4.47235e-08    -1.92914e-08     1.78659e-08 
    2    -4.83431e-10    -3.28269e-10     2.05043e-08    -8.95520e-09     7.70581e-09 
    3    -6.09512e-10    -3.61600e-10     1.50100e-08    -6.29702e-09     5.15521e-09 
    4    -8.52746e-10    -4.12046e-10     1.26760e-08    -5.21977e-09     3.91204e-09 
    5    -1.03644e-09    -6.23340e-10     1.14207e-08    -4.58502e-09     3.12582e-09 
    6    -1.14982e-09    -7.90589e-10     1.09679e-08    -4.22076e-09     2.57800e-09 
    7    -1.27092e-09    -9.06456e-10     1.07829e-08    -4.14068e-09     2.17717e-09 
    8    -1.38142e-09    -1.01449e-09     1.07360e-08    -4.07620e-09     1.90452e-09 
    9    -1.39475e-09    -1.01706e-09     1.07146e-08    -3.90940e-09     1.76879e-09 
   10    -1.32489e-09    -9.19259e-10     1.06519e-08    -3.81902e-09     1.68360e-09 
   20     8.80179e-10     3.38079e-11     1.12817e-08    -2.16090e-09     2.42682e-09 
   30    -1.58627e-09    -9.49552e-10     2.85722e-08    -3.94632e-09     1.15591e-09 
   40     1.38386e-09    -3.24199e-10     4.84275e-08    -3.63435e-09     4.00467e-09 
   50     5.87153e-10     1.39463e-09     1.19315e-07    -2.59332e-09     7.42549e-09 
   60     1.00307e-07     4.12385e-09     9.89501e-06    -2.56149e-09     2.06908e-08 
   70    -1.00353e-06    -1.17084e-08     2.41039e-05    -3.53083e-07     5.41508e-09 
   80     2.52157e-06    -1.83095e-08     4.08485e-04    -4.54895e-07     1.18829e-07 
   90    -5.21869e-05     2.91802e-09     4.84289e-04    -2.43321e-06     5.61179e-06 
  100    -1.10139e-04    -1.45579e-07     1.16026e-03    -3.05255e-05     2.46935e-06 
  110     8.14557e-05     9.39746e-08     9.06805e-04    -2.57358e-05     1.09621e-04 
  120     6.48731e-05     1.48215e-06     9.59939e-04    -2.51243e-05     1.55495e-04 
  130     7.31879e-05    -6.64119e-08     1.42940e-03    -1.72801e-04     1.27287e-04 
  140    -6.93459e-05    -2.44589e-07     1.12280e-03    -2.22820e-04     1.66956e-04 
  150    -9.60332e-05    -5.43935e-07     1.31939e-03    -2.69332e-04     1.37399e-04 
  160     4.90219e-05     1.61104e-06     1.10491e-03    -1.67983e-04     2.61614e-04 
  170     4.23506e-05     1.78471e-07     1.37264e-03    -1.82629e-04     3.21298e-04 
  180    -2.36959e-04    -2.09783e-05     1.54487e-03    -4.23419e-04     9.56612e-05 
  190     1.74497e-04     6.36407e-06     1.65167e-03    -1.50316e-04     3.47219e-04 
  200     2.30269e-04     6.43540e-05     1.59829e-03    -8.16817e-05     5.80519e-04 
  210     2.80587e-04     5.82648e-05     1.82501e-03    -1.30832e-04     5.27729e-04 
  220    -1.49580e-04    -1.75180e-06     1.94048e-03    -5.10153e-04     3.01089e-04 
  230    -1.01708e-04    -2.67802e-05     2.18693e-03    -7.72148e-04     2.74117e-04 
  240    -4.60206e-04    -2.88920e-05     3.03149e-03    -6.67881e-04     2.98348e-04 
  250     5.08483e-04     5.14760e-05     2.73177e-03    -1.88503e-04     1.01561e-03 
  260     3.80349e-04     9.04287e-05     3.19980e-03    -1.85397e-04     9.65568e-04 
  270    -2.63653e-04     2.68987e-06     2.88607e-03    -6.47068e-04     5.13524e-04 
  280    -1.49449e-04    -2.66421e-05     2.62865e-03    -7.08003e-04     3.44898e-04 
  290    -3.48788e-04    -5.42415e-05     2.63833e-03    -8.24409e-04     3.22437e-04 
  300    -3.66214e-04    -7.29044e-05     2.73196e-03    -1.02125e-03     2.61464e-04 
  310     6.21092e-04     8.35514e-05     3.60624e-03    -3.42850e-04     1.06941e-03 
  320    -6.25618e-05     8.83596e-07     3.01192e-03    -7.80832e-04     6.80331e-04 
  330    -4.42512e-04    -5.99883e-05     2.87887e-03    -1.01908e-03     4.40861e-04 
  340    -4.18468e-04    -9.09935e-05     3.27390e-03    -1.14677e-03     5.25204e-04 
  350     4.40374e-04     6.42941e-05     2.97023e-03    -5.31183e-04     1.10743e-03 
  370     3.83538e-04     1.13322e-04     2.90306e-03    -5.06573e-04     1.18936e-03 
