    0     1.49666e+09     1.12222e+09     1.41407e+09     4.08771e+08     2.17291e+09 
    1     1.49325e+09     1.13407e+09     1.40367e+09     4.04181e+08     2.13982e+09 
    2     1.48483e+09     1.11849e+09     1.41471e+09     3.78421e+08     2.12195e+09 
    3     1.47019e+09     1.08384e+09     1.42734e+09     3.50866e+08     2.10222e+09 
    4     1.45903e+09     1.04445e+09     1.44002e+09     3.31540e+08     2.10194e+09 
    5     1.44568e+09     1.01539e+09     1.45371e+09     3.14019e+08     2.10151e+09 
    6     1.43301e+09     1.00340e+09     1.46866e+09     2.96152e+08     2.07558e+09 
    7     1.42409e+09     9.81568e+08     1.48318e+09     2.91677e+08     2.03114e+09 
    8     1.41671e+09     9.54604e+08     1.49767e+09     3.01834e+08     1.98457e+09 
    9     1.41147e+09     9.30691e+08     1.51168e+09     3.04553e+08     1.94449e+09 
   10     1.41141e+09     9.41497e+08     1.52519e+09     3.07627e+08     1.91171e+09 
   20     1.53030e+09     1.15421e+09     1.55940e+09     4.02451e+08     2.05483e+09 
   30     1.50492e+09     9.91340e+08     1.60433e+09     3.35235e+08     2.11182e+09 
   40     1.44796e+09     1.06016e+09     1.47038e+09     3.81556e+08     1.96191e+09 
   50     1.43373e+09     1.03322e+09     1.46656e+09     3.30691e+08     1.96109e+09 
   60     1.46919e+09     1.04725e+09     1.49706e+09     3.14985e+08     2.10263e+09 
   70     1.46526e+09     1.07473e+09     1.49720e+09     3.62631e+08     1.94302e+09 
   80     1.43629e+09     9.72761e+08     1.51877e+09     3.05227e+08     2.08777e+09 
   90     1.50270e+09     1.13102e+09     1.48671e+09     4.23422e+08     1.97089e+09 
  100     1.51824e+09     1.00674e+09     1.53560e+09     3.39490e+08     2.23672e+09 
  110     1.49286e+09     1.12373e+09     1.49514e+09     3.85571e+08     2.02663e+09 
  120     1.49382e+09     1.01729e+09     1.55468e+09     3.24908e+08     2.14251e+09 
  130     1.58058e+09     1.14981e+09     1.55017e+09     4.16107e+08     2.25549e+09 
  140     1.45777e+09     9.86606e+08     1.55851e+09     3.07155e+08     2.04125e+09 
  150     1.50016e+09     1.10427e+09     1.47010e+09     3.67101e+08     2.19968e+09 
  160     1.56135e+09     1.08161e+09     1.57223e+09     3.64118e+08     2.18228e+09 
  170     1.60769e+09     1.05580e+09     1.60544e+09     3.81176e+08     2.38829e+09 
  180     1.54795e+09     1.10965e+09     1.55565e+09     3.97418e+08     2.19655e+09 
  190     1.47052e+09     9.96875e+08     1.54627e+09     3.03400e+08     2.14924e+09 
  200     1.62992e+09     1.16586e+09     1.58538e+09     4.10042e+08     2.40759e+09 
  210     1.62641e+09     1.06666e+09     1.67122e+09     3.51658e+08     2.36256e+09 
  220     1.52549e+09     1.05473e+09     1.57823e+09     3.49674e+08     2.17455e+09 
  230     1.52688e+09     1.13092e+09     1.52654e+09     4.11708e+08     2.03323e+09 
  240     1.58943e+09     1.05983e+09     1.61492e+09     3.50539e+08     2.35304e+09 
  250     1.64448e+09     1.06711e+09     1.73431e+09     3.56808e+08     2.26249e+09 
  260     1.60446e+09     1.13991e+09     1.59757e+09     3.79946e+08     2.34236e+09 
  270     1.53319e+09     1.01979e+09     1.60245e+09     3.34919e+08     2.18114e+09 
  280     1.61865e+09     1.13071e+09     1.61821e+09     3.23589e+08     2.45951e+09 
  290     1.67108e+09     1.13176e+09     1.73357e+09     3.60909e+08     2.32293e+09 
  300     1.60992e+09     1.05390e+09     1.72886e+09     2.96821e+08     2.35592e+09 
  310     1.66399e+09     1.21870e+09     1.60694e+09     4.25905e+08     2.42780e+09 
  320     1.50690e+09     1.01013e+09     1.61721e+09     3.06196e+08     2.03541e+09 
  330     1.64884e+09     1.20141e+09     1.61350e+09     3.66008e+08     2.46039e+09 
  340     1.69470e+09     1.14397e+09     1.72384e+09     3.78031e+08     2.41224e+09 
  350     1.60135e+09     1.06835e+09     1.70961e+09     3.37267e+08     2.19296e+09 
  370     1.58337e+09     1.07853e+09     1.63692e+09     3.29244e+08     2.22453e+09 
