    0     1.83576e+46     1.43800e+46     1.54624e+46     7.88674e+45     2.45721e+46 
    1     1.82308e+46     1.42268e+46     1.50761e+46     7.95001e+45     2.44653e+46 
    2     1.82541e+46     1.42518e+46     1.51380e+46     7.97638e+45     2.42001e+46 
    3     1.81942e+46     1.43658e+46     1.50739e+46     7.94381e+45     2.39822e+46 
    4     1.80349e+46     1.43267e+46     1.50277e+46     7.94840e+45     2.36069e+46 
    5     1.80034e+46     1.41674e+46     1.51807e+46     7.98790e+45     2.33406e+46 
    6     1.80057e+46     1.39814e+46     1.54486e+46     7.93030e+45     2.32488e+46 
    7     1.79583e+46     1.38839e+46     1.58755e+46     7.86034e+45     2.31571e+46 
    8     1.78414e+46     1.37393e+46     1.55444e+46     7.80037e+45     2.31053e+46 
    9     1.77302e+46     1.35884e+46     1.50737e+46     7.77012e+45     2.30941e+46 
   10     1.76483e+46     1.35300e+46     1.51654e+46     7.77061e+45     2.28477e+46 
   20     1.69310e+46     1.27394e+46     1.50155e+46     7.48246e+45     2.19826e+46 
   30     1.65824e+46     1.20534e+46     1.61173e+46     6.96226e+45     2.15017e+46 
   40     1.60879e+46     1.18465e+46     1.46736e+46     6.94504e+45     2.08491e+46 
   50     1.54908e+46     1.10326e+46     1.46320e+46     6.63667e+45     1.98586e+46 
   60     1.55733e+46     1.10591e+46     1.51598e+46     6.32671e+45     1.96120e+46 
   70     1.50169e+46     1.04970e+46     1.47032e+46     6.26768e+45     1.89246e+46 
   80     1.49910e+46     1.01282e+46     1.63035e+46     6.00323e+45     1.85460e+46 
   90     1.43494e+46     1.00203e+46     1.41497e+46     5.87072e+45     1.76358e+46 
  100     1.45282e+46     9.71656e+45     1.68035e+46     5.82121e+45     1.73392e+46 
  110     1.42005e+46     9.44724e+45     1.53512e+46     5.49222e+45     1.69794e+46 
  120     1.41858e+46     9.36615e+45     1.54796e+46     5.42067e+45     1.69504e+46 
  130     1.36292e+46     9.22286e+45     1.40491e+46     5.58231e+45     1.64350e+46 
  140     1.39621e+46     9.20156e+45     1.46105e+46     5.73128e+45     1.64042e+46 
  150     1.37043e+46     8.93432e+45     1.52648e+46     5.41304e+45     1.58383e+46 
  160     1.36829e+46     8.93817e+45     1.43076e+46     5.34014e+45     1.65667e+46 
  170     1.32972e+46     8.59788e+45     1.42953e+46     5.34108e+45     1.53128e+46 
  180     1.30269e+46     8.53914e+45     1.39088e+46     5.14481e+45     1.52095e+46 
  190     1.28885e+46     8.42897e+45     1.43818e+46     4.92085e+45     1.51285e+46 
  200     1.29024e+46     8.71221e+45     1.35884e+46     5.16731e+45     1.52351e+46 
  210     1.25660e+46     8.32153e+45     1.35107e+46     4.90777e+45     1.47751e+46 
  220     1.22284e+46     8.03112e+45     1.31915e+46     4.81493e+45     1.44280e+46 
  230     1.19444e+46     7.76141e+45     1.25464e+46     4.72178e+45     1.42280e+46 
  240     1.20272e+46     8.10394e+45     1.29986e+46     4.98028e+45     1.41713e+46 
  250     1.11913e+46     7.35118e+45     1.16428e+46     4.62784e+45     1.31193e+46 
  260     1.11910e+46     7.25939e+45     1.25841e+46     4.51623e+45     1.31731e+46 
  270     1.12856e+46     7.33155e+45     1.21063e+46     4.44254e+45     1.31402e+46 
  280     1.14568e+46     7.47803e+45     1.29154e+46     4.57494e+45     1.31529e+46 
  290     1.09372e+46     7.30395e+45     1.13598e+46     4.59488e+45     1.24102e+46 
  300     1.09958e+46     7.16034e+45     1.24847e+46     4.45972e+45     1.26307e+46 
  310     1.05770e+46     6.97817e+45     1.10888e+46     4.33493e+45     1.22735e+46 
  320     1.09585e+46     7.13917e+45     1.67887e+46     4.37585e+45     1.22748e+46 
  330     1.02213e+46     6.66081e+45     1.09851e+46     4.06829e+45     1.17989e+46 
  340     1.06040e+46     6.62431e+45     1.34295e+46     4.13351e+45     1.17663e+46 
  350     1.02780e+46     6.52869e+45     1.21379e+46     4.14973e+45     1.12764e+46 
  370     9.94001e+45     6.14665e+45     1.13964e+46     3.89674e+45     1.10170e+46 
