    0     1.31916e-08     1.92264e-09     1.25908e-06    -3.57419e-07     3.68051e-07 
    1     3.28107e-09     4.49694e-10     5.48491e-08    -2.11609e-08     2.34654e-08 
    2     2.37956e-09     7.12425e-10     2.65700e-08    -9.80171e-09     1.22974e-08 
    3     2.00032e-09     5.58801e-10     1.97928e-08    -6.78242e-09     8.98237e-09 
    4     1.75800e-09     4.22986e-10     1.66421e-08    -5.49974e-09     7.37030e-09 
    5     1.66954e-09     4.00072e-10     1.47381e-08    -4.73589e-09     6.44643e-09 
    6     1.55139e-09     4.35401e-10     1.39579e-08    -4.39158e-09     5.85969e-09 
    7     1.41025e-09     4.09059e-10     1.34300e-08    -4.17194e-09     5.50787e-09 
    8     1.32809e-09     3.94029e-10     1.31223e-08    -3.99751e-09     5.28787e-09 
    9     1.30875e-09     3.92784e-10     1.29455e-08    -3.82504e-09     5.17054e-09 
   10     1.24772e-09     4.19075e-10     1.32785e-08    -3.68130e-09     5.03978e-09 
   20     1.24623e-09     4.55256e-10     1.32180e-08    -3.12209e-09     4.36217e-09 
   30    -6.06626e-12    -3.47069e-10     7.32119e-08    -4.59557e-09     4.24568e-09 
   40    -1.64063e-09    -1.03422e-09     6.36240e-08    -7.30654e-09     5.15683e-09 
   50     6.34354e-11    -1.24540e-09     3.13160e-07    -9.74820e-09     7.55262e-09 
   60     1.02847e-06     8.83244e-10     2.04199e-05    -1.18070e-08     2.57453e-08 
   70     3.05711e-07     8.47271e-10     3.49401e-05    -7.97486e-08     1.36288e-07 
   80    -4.12950e-06    -2.42836e-08     6.14503e-04    -2.33355e-06     8.83408e-08 
   90     3.43770e-05    -8.58211e-08     6.43618e-04    -1.76057e-05     9.23762e-07 
  100     3.08926e-04     1.35942e-07     1.44163e-03    -3.77490e-06     1.26665e-04 
  110     4.09194e-04     2.80101e-05     1.11039e-03    -5.80658e-08     5.71316e-04 
  120     4.57298e-04     8.74444e-05     1.32450e-03     9.00799e-09     6.38280e-04 
  130     5.70375e-04     1.70410e-04     1.67682e-03     2.25385e-06     7.43533e-04 
  140     5.19861e-04     2.04018e-04     1.51956e-03     1.17877e-06     9.02295e-04 
  150     3.37575e-04     1.62770e-04     1.67382e-03     3.68750e-07     7.57291e-04 
  160     4.35776e-04     1.55268e-04     1.34986e-03     6.74685e-08     7.77389e-04 
  170     5.69003e-04     2.71552e-04     1.67836e-03     7.64409e-06     9.81400e-04 
  180     3.21848e-04     1.74106e-04     1.84211e-03    -1.02005e-06     6.89716e-04 
  190    -3.97138e-05     2.39736e-05     2.23128e-03    -3.01468e-04     4.38638e-04 
  200    -3.54358e-04    -5.34591e-05     2.05594e-03    -9.96407e-04     2.18676e-04 
  210    -2.99943e-04    -4.47411e-05     2.48016e-03    -9.05988e-04     3.13639e-04 
  220    -7.27026e-04    -2.41231e-04     2.57355e-03    -1.51288e-03     1.90660e-04 
  230    -1.12086e-03    -4.86529e-04     2.70598e-03    -2.06611e-03     2.61887e-05 
  240    -1.02232e-03    -3.11415e-04     3.66552e-03    -1.94964e-03     6.32988e-05 
  250    -6.50414e-04    -1.21668e-04     3.88115e-03    -1.37882e-03     3.98262e-04 
  260    -8.78267e-04    -2.30550e-04     4.08477e-03    -1.65307e-03     2.87131e-04 
  270    -5.96169e-04    -1.96005e-04     4.04003e-03    -1.58010e-03     4.53506e-04 
  280    -2.90909e-04    -1.48984e-04     3.57427e-03    -1.33948e-03     5.26955e-04 
  290     5.10235e-04    -3.36534e-05     3.46769e-03    -6.38739e-04     1.37390e-03 
  300     7.85695e-04     4.89155e-05     3.68878e-03    -4.94266e-04     1.97601e-03 
  310     7.83772e-04     1.23981e-04     4.48907e-03    -4.42097e-04     2.12225e-03 
  320     3.71264e-04     4.80147e-05     4.17170e-03    -6.33198e-04     2.05788e-03 
  330    -3.11629e-04    -1.11572e-04     3.92973e-03    -1.46323e-03     1.07178e-03 
  340    -6.03859e-04    -1.89770e-04     4.57966e-03    -1.85678e-03     1.11644e-03 
  350    -3.93597e-04    -2.22264e-04     3.96023e-03    -1.94107e-03     1.04865e-03 
  370     9.33493e-05    -1.09294e-04     4.09490e-03    -1.28869e-03     1.71756e-03 
