    0     1.24991e+05     9.79090e+04     1.05279e+05     5.36985e+04     1.67304e+05 
    1     1.24128e+05     9.68658e+04     1.02648e+05     5.41292e+04     1.66577e+05 
    2     1.24287e+05     9.70365e+04     1.03070e+05     5.43088e+04     1.64771e+05 
    3     1.23879e+05     9.78122e+04     1.02634e+05     5.40870e+04     1.63288e+05 
    4     1.22794e+05     9.75464e+04     1.02319e+05     5.41183e+04     1.60732e+05 
    5     1.22580e+05     9.64618e+04     1.03361e+05     5.43873e+04     1.58919e+05 
    6     1.22596e+05     9.51951e+04     1.05185e+05     5.39951e+04     1.58294e+05 
    7     1.22273e+05     9.45314e+04     1.08091e+05     5.35188e+04     1.57670e+05 
    8     1.21477e+05     9.35467e+04     1.05837e+05     5.31104e+04     1.57317e+05 
    9     1.20720e+05     9.25196e+04     1.02632e+05     5.29044e+04     1.57241e+05 
   10     1.20162e+05     9.21216e+04     1.03257e+05     5.29078e+04     1.55563e+05 
   20     1.15278e+05     8.67386e+04     1.02236e+05     5.09458e+04     1.49673e+05 
   30     1.12905e+05     8.20677e+04     1.09738e+05     4.74040e+04     1.46399e+05 
   40     1.09538e+05     8.06593e+04     9.99081e+04     4.72867e+04     1.41955e+05 
   50     1.05472e+05     7.51175e+04     9.96249e+04     4.51871e+04     1.35211e+05 
   60     1.06034e+05     7.52981e+04     1.03219e+05     4.30767e+04     1.33532e+05 
   70     1.02246e+05     7.14713e+04     1.00110e+05     4.26748e+04     1.28852e+05 
   80     1.02069e+05     6.89599e+04     1.11005e+05     4.08742e+04     1.26274e+05 
   90     9.77005e+04     6.82254e+04     9.63412e+04     3.99720e+04     1.20077e+05 
  100     9.89182e+04     6.61571e+04     1.14410e+05     3.96349e+04     1.18058e+05 
  110     9.66871e+04     6.43235e+04     1.04522e+05     3.73949e+04     1.15607e+05 
  120     9.65871e+04     6.37713e+04     1.05396e+05     3.69077e+04     1.15410e+05 
  130     9.27975e+04     6.27957e+04     9.56560e+04     3.80083e+04     1.11901e+05 
  140     9.50640e+04     6.26507e+04     9.94787e+04     3.90226e+04     1.11691e+05 
  150     9.33082e+04     6.08311e+04     1.03934e+05     3.68558e+04     1.07838e+05 
  160     9.31628e+04     6.08574e+04     9.74160e+04     3.63594e+04     1.12798e+05 
  170     9.05366e+04     5.85404e+04     9.73323e+04     3.63659e+04     1.04260e+05 
  180     8.86967e+04     5.81405e+04     9.47009e+04     3.50295e+04     1.03557e+05 
  190     8.77541e+04     5.73904e+04     9.79212e+04     3.35046e+04     1.03006e+05 
  200     8.78485e+04     5.93188e+04     9.25193e+04     3.51827e+04     1.03731e+05 
  210     8.55584e+04     5.66588e+04     9.19903e+04     3.34156e+04     1.00599e+05 
  220     8.32599e+04     5.46815e+04     8.98172e+04     3.27834e+04     9.82356e+04 
  230     8.13256e+04     5.28452e+04     8.54248e+04     3.21492e+04     9.68745e+04 
  240     8.18898e+04     5.51774e+04     8.85038e+04     3.39092e+04     9.64879e+04 
  250     7.61983e+04     5.00520e+04     7.92725e+04     3.15096e+04     8.93257e+04 
  260     7.61960e+04     4.94270e+04     8.56817e+04     3.07496e+04     8.96919e+04 
  270     7.68405e+04     4.99183e+04     8.24285e+04     3.02479e+04     8.94679e+04 
  280     7.80058e+04     5.09157e+04     8.79370e+04     3.11494e+04     8.95540e+04 
  290     7.44680e+04     4.97304e+04     7.73455e+04     3.12852e+04     8.44971e+04 
  300     7.48674e+04     4.87527e+04     8.50049e+04     3.03649e+04     8.59987e+04 
  310     7.20158e+04     4.75123e+04     7.55001e+04     2.95153e+04     8.35666e+04 
  320     7.46134e+04     4.86085e+04     1.14309e+05     2.97939e+04     8.35752e+04 
  330     6.95940e+04     4.53515e+04     7.47944e+04     2.76998e+04     8.03355e+04 
  340     7.21995e+04     4.51030e+04     9.14375e+04     2.81439e+04     8.01131e+04 
  350     6.99802e+04     4.44519e+04     8.26432e+04     2.82543e+04     7.67776e+04 
  370     6.76786e+04     4.18507e+04     7.75944e+04     2.65317e+04     7.50117e+04 
