    0     2.16226e-18     1.12055e-18     2.65941e-18     2.44434e-19     3.25683e-18 
    1     6.14278e-20     1.72047e-21     5.04910e-19     2.25622e-22     1.19844e-20 
    2     3.12950e-20     3.68360e-22     4.06467e-19     5.14543e-23     2.62219e-21 
    3     2.27761e-20     1.66035e-22     3.83847e-19     2.48802e-23     1.12707e-21 
    4     1.94000e-20     9.61028e-23     3.80565e-19     1.48519e-23     6.26053e-22 
    5     1.76612e-20     6.08231e-23     3.86940e-19     9.36387e-24     3.93959e-22 
    6     1.77561e-20     4.14210e-23     4.32313e-19     6.23106e-24     2.73460e-22 
    7     1.84228e-20     2.95542e-23     4.80817e-19     4.31078e-24     1.97923e-22 
    8     1.95262e-20     2.24441e-23     5.30530e-19     3.22611e-24     1.51246e-22 
    9     2.00555e-20     1.81429e-23     5.86703e-19     2.47575e-24     1.21320e-22 
   10     2.15966e-20     1.49456e-23     7.28423e-19     2.01562e-24     1.01480e-22 
   20     1.11004e-20     4.52315e-24     6.71238e-19     5.94515e-25     3.93631e-23 
   30     1.45453e-18     3.52085e-24     3.34026e-16     6.89542e-25     3.03793e-23 
   40     3.03531e-19     4.18444e-24     1.48000e-16     6.44895e-25     5.25060e-23 
   50     4.02028e-18     9.19430e-24     8.56182e-16     1.09010e-24     1.23513e-22 
   60     7.24209e-15     2.46366e-23     8.86634e-13     2.42038e-24     5.14958e-22 
   70     2.90207e-14     4.56169e-22     2.75133e-12     1.90100e-23     4.03908e-20 
   80     1.36963e-11     6.07858e-21     2.01440e-09     1.49902e-22     7.43744e-19 
   90     4.22818e-12     2.08559e-18     6.28432e-10     4.20925e-21     7.74368e-16 
  100     1.56224e-11     3.97583e-17     1.47733e-09     2.33441e-19     3.00796e-15 
  110     4.61915e-12     6.43636e-16     2.79536e-10     2.74951e-18     1.13616e-14 
  120     2.01694e-11     8.05534e-16     3.39363e-09     2.31341e-17     1.49429e-14 
  130     7.49544e-11     1.79464e-15     1.69822e-08     6.07522e-17     2.37211e-14 
  140     3.01846e-11     2.02552e-15     2.54807e-09     1.35325e-16     2.70714e-14 
  150     3.02216e-11     2.90237e-15     2.33774e-09     2.23343e-16     3.16081e-14 
  160     5.16535e-11     3.45251e-15     5.83728e-09     2.43950e-16     3.08322e-14 
  170     5.94057e-11     2.95682e-15     7.29149e-09     2.84720e-16     2.57259e-14 
  180     2.36709e-10     3.56004e-15     5.46730e-08     4.10163e-16     3.23462e-14 
  190     1.64084e-10     4.28209e-15     2.71213e-08     4.85886e-16     4.19993e-14 
  200     1.77759e-10     5.85415e-15     2.06657e-08     6.46714e-16     5.69303e-14 
  210     1.36602e-10     7.46892e-15     1.31644e-08     7.92462e-16     5.74003e-14 
  220     1.61333e-10     9.08737e-15     1.98310e-08     1.00789e-15     8.18544e-14 
  230     1.39036e-10     1.39064e-14     9.24228e-09     1.43576e-15     1.12951e-13 
  240     2.72822e-10     1.98385e-14     2.61082e-08     1.87316e-15     1.57366e-13 
  250     3.48798e-10     1.99303e-14     5.13413e-08     2.14919e-15     1.60462e-13 
  260     2.66336e-10     2.94521e-14     1.91929e-08     2.90903e-15     2.54544e-13 
  270     3.72173e-10     3.15009e-14     4.62717e-08     3.28809e-15     2.24415e-13 
  280     3.78027e-10     4.66977e-14     8.66340e-08     4.99888e-15     2.98649e-13 
  290     2.49086e-10     3.41085e-14     2.91694e-08     4.25614e-15     2.01882e-13 
  300     3.12155e-10     2.86692e-14     2.56980e-08     3.48082e-15     1.98205e-13 
  310     6.60237e-10     2.68170e-14     6.53459e-08     3.45230e-15     1.74840e-13 
  320     3.51091e-10     3.49018e-14     3.35279e-08     4.43962e-15     2.31142e-13 
  330     2.85866e-10     3.67844e-14     2.02103e-08     3.92182e-15     3.09204e-13 
  340     1.86116e-10     5.11180e-14     1.31820e-08     6.25947e-15     3.38884e-13 
  350     4.08649e-10     5.42397e-14     3.92182e-08     7.30369e-15     3.26809e-13 
  370     3.89001e-10     6.64517e-14     3.55528e-08     9.52645e-15     3.71361e-13 
