    0     1.83576e+46     1.43800e+46     1.54624e+46     7.88674e+45     2.45721e+46 
    1     1.82308e+46     1.42268e+46     1.50761e+46     7.95001e+45     2.44653e+46 
    2     1.82541e+46     1.42518e+46     1.51380e+46     7.97638e+45     2.42001e+46 
    3     1.81942e+46     1.43658e+46     1.50739e+46     7.94381e+45     2.39822e+46 
    4     1.80349e+46     1.43267e+46     1.50277e+46     7.94840e+45     2.36069e+46 
    5     1.80034e+46     1.41674e+46     1.51807e+46     7.98790e+45     2.33406e+46 
    6     1.80057e+46     1.39814e+46     1.54486e+46     7.93030e+45     2.32488e+46 
    7     1.79583e+46     1.38839e+46     1.58755e+46     7.86034e+45     2.31571e+46 
    8     1.78414e+46     1.37393e+46     1.55444e+46     7.80037e+45     2.31053e+46 
    9     1.77302e+46     1.35884e+46     1.50737e+46     7.77012e+45     2.30941e+46 
   10     1.76483e+46     1.35300e+46     1.51654e+46     7.77061e+45     2.28477e+46 
   20     1.69310e+46     1.27394e+46     1.50155e+46     7.48246e+45     2.19826e+46 
   30     1.65824e+46     1.20534e+46     1.61173e+46     6.96226e+45     2.15017e+46 
   40     1.60879e+46     1.18465e+46     1.46736e+46     6.94504e+45     2.08491e+46 
   50     1.54908e+46     1.10326e+46     1.46320e+46     6.63667e+45     1.98586e+46 
   60     1.55733e+46     1.10591e+46     1.51598e+46     6.32671e+45     1.96120e+46 
   70     1.50169e+46     1.04970e+46     1.47032e+46     6.26768e+45     1.89246e+46 
   80     1.49911e+46     1.01282e+46     1.63037e+46     6.00323e+45     1.85460e+46 
   90     1.43494e+46     1.00203e+46     1.41498e+46     5.87072e+45     1.76358e+46 
  100     1.45283e+46     9.71656e+45     1.68043e+46     5.82121e+45     1.73392e+46 
  110     1.42006e+46     9.44724e+45     1.53515e+46     5.49222e+45     1.69794e+46 
  120     1.41859e+46     9.36615e+45     1.54805e+46     5.42067e+45     1.69504e+46 
  130     1.36294e+46     9.22286e+45     1.40516e+46     5.58231e+45     1.64350e+46 
  140     1.39623e+46     9.20156e+45     1.46115e+46     5.73128e+45     1.64042e+46 
  150     1.37044e+46     8.93432e+45     1.52658e+46     5.41304e+45     1.58383e+46 
  160     1.36831e+46     8.93818e+45     1.43089e+46     5.34014e+45     1.65667e+46 
  170     1.32974e+46     8.59788e+45     1.42972e+46     5.34108e+45     1.53128e+46 
  180     1.30274e+46     8.53914e+45     1.39126e+46     5.14481e+45     1.52095e+46 
  190     1.28892e+46     8.42897e+45     1.43917e+46     4.92085e+45     1.51285e+46 
  200     1.29028e+46     8.71221e+45     1.35924e+46     5.16732e+45     1.52351e+46 
  210     1.25665e+46     8.32153e+45     1.35142e+46     4.90777e+45     1.47751e+46 
  220     1.22290e+46     8.03113e+45     1.31958e+46     4.81493e+45     1.44280e+46 
  230     1.19450e+46     7.76142e+45     1.25513e+46     4.72179e+45     1.42280e+46 
  240     1.20282e+46     8.10396e+45     1.30058e+46     4.98028e+45     1.41713e+46 
  250     1.11924e+46     7.35120e+45     1.16527e+46     4.62785e+45     1.31194e+46 
  260     1.11919e+46     7.25939e+45     1.25910e+46     4.51624e+45     1.31732e+46 
  270     1.12869e+46     7.33155e+45     1.21188e+46     4.44254e+45     1.31403e+46 
  280     1.14577e+46     7.47804e+45     1.29238e+46     4.57495e+45     1.31529e+46 
  290     1.09381e+46     7.30399e+45     1.13676e+46     4.59488e+45     1.24102e+46 
  300     1.09970e+46     7.16039e+45     1.24954e+46     4.45972e+45     1.26308e+46 
  310     1.05794e+46     6.97819e+45     1.11096e+46     4.33494e+45     1.22736e+46 
  320     1.09600e+46     7.13918e+45     1.67957e+46     4.37585e+45     1.22749e+46 
  330     1.02226e+46     6.66082e+45     1.09938e+46     4.06830e+45     1.17990e+46 
  340     1.06050e+46     6.62436e+45     1.34366e+46     4.13354e+45     1.17663e+46 
  350     1.02793e+46     6.52869e+45     1.21469e+46     4.14974e+45     1.12765e+46 
  370     9.94151e+45     6.14665e+45     1.14091e+46     3.89675e+45     1.10171e+46 
