    0     1.57283e-12     1.87167e-13     3.65708e-12     2.34099e-14     1.54769e-12 
    1     2.47210e-15     3.30061e-16     9.55589e-15     5.64179e-17     1.40299e-15 
    2     4.53236e-16     7.64475e-17     1.48868e-15     1.39470e-17     3.04706e-16 
    3     1.93954e-16     3.49218e-17     6.91983e-16     6.63294e-18     1.34879e-16 
    4     1.08893e-16     1.98365e-17     4.10170e-16     3.84656e-18     7.60694e-17 
    5     6.89457e-17     1.23428e-17     2.71766e-16     2.47240e-18     4.69567e-17 
    6     4.73336e-17     8.49104e-18     1.95389e-16     1.72397e-18     3.12959e-17 
    7     3.37965e-17     6.01166e-18     1.47877e-16     1.26098e-18     2.19651e-17 
    8     2.56954e-17     4.45217e-18     1.20014e-16     9.86084e-19     1.67529e-17 
    9     2.05815e-17     3.49761e-18     9.96698e-17     7.83033e-19     1.36877e-17 
   10     1.70824e-17     2.88422e-18     8.80493e-17     6.42601e-19     1.13451e-17 
   20     8.28258e-18     9.64457e-19     1.21782e-16     1.99340e-19     3.87545e-18 
   30     1.59979e-17     9.77140e-19     9.68169e-16     2.05558e-19     3.42355e-18 
   40     1.47116e-16     1.06957e-18     6.53719e-15     1.91510e-19     4.42604e-18 
   50     1.89320e-14     1.80396e-18     8.92838e-13     3.42463e-19     1.19733e-17 
   60     2.64505e-11     4.25272e-18     9.99059e-10     5.74752e-19     4.45272e-17 
   70     1.62685e-10     5.40782e-17     9.98941e-09     3.08044e-18     7.63458e-15 
   80     8.93568e-08     1.39481e-15     5.71222e-06     1.53236e-17     3.92678e-13 
   90     2.80325e-08     7.46029e-13     7.40253e-07     5.37667e-16     2.77590e-10 
  100     1.69477e-07     2.11174e-11     9.04196e-06     7.09836e-14     1.41669e-09 
  110     5.70784e-08     2.45973e-10     1.21725e-06     5.35601e-13     5.02729e-09 
  120     2.83560e-07     3.14559e-10     3.37263e-06     5.99521e-12     4.74837e-09 
  130     9.96855e-08     6.28144e-10     1.88301e-06     1.54144e-11     9.15209e-09 
  140     2.91338e-08     8.49854e-10     3.66369e-07     4.04551e-11     1.00611e-08 
  150     3.35420e-08     1.19058e-09     4.96753e-07     5.81483e-11     1.09607e-08 
  160     2.61591e-08     1.21678e-09     6.44883e-07     6.44050e-11     1.06381e-08 
  170     1.07249e-07     1.11318e-09     3.57706e-05     7.97841e-11     7.13430e-09 
  180     5.70958e-08     1.33378e-09     1.30411e-06     1.08401e-10     8.04990e-09 
  190     1.02395e-07     1.49178e-09     4.87674e-06     1.28061e-10     1.10103e-08 
  200     1.16693e-07     2.01122e-09     2.96391e-06     1.53994e-10     1.47692e-08 
  210     7.42235e-08     2.52362e-09     1.11648e-06     2.00444e-10     1.69413e-08 
  220     1.14661e-07     3.01797e-09     1.74101e-06     2.83115e-10     1.91570e-08 
  230     7.33457e-08     4.77982e-09     6.78798e-07     3.18949e-10     3.84900e-08 
  240     2.40275e-07     7.58794e-09     5.28094e-06     4.37531e-10     5.40808e-08 
  250     1.49903e-07     7.01347e-09     1.38139e-06     5.67385e-10     4.91528e-08 
  260     4.55189e-07     9.06958e-09     1.01218e-05     6.74335e-10     7.61075e-08 
  270     2.05677e-07     9.72973e-09     3.47201e-06     7.36581e-10     6.59346e-08 
  280     1.55319e-07     1.37289e-08     1.75267e-06     1.01963e-09     8.16273e-08 
  290     1.11844e-07     1.12949e-08     1.69066e-06     9.04456e-10     5.86488e-08 
  300     2.13459e-07     8.61308e-09     1.20584e-05     7.86281e-10     5.12207e-08 
  310     3.72836e-07     9.19437e-09     8.57409e-06     8.51283e-10     4.77225e-08 
  320     2.62794e-07     1.14651e-08     1.39732e-05     1.10871e-09     5.74834e-08 
  330     1.85688e-07     1.07037e-08     1.56969e-06     1.00660e-09     6.83923e-08 
  340     2.65990e-07     1.66904e-08     7.51968e-06     1.56739e-09     8.86124e-08 
  350     3.22782e-07     1.79435e-08     6.40141e-06     1.67992e-09     9.19891e-08 
  370     1.97954e-07     2.01481e-08     2.70067e-06     2.28968e-09     9.31409e-08 
