    0    -1.14988e-08    -1.66816e-09     1.30276e-06    -4.47175e-07     4.38266e-07 
    1    -6.62347e-10    -2.27141e-10     4.53174e-08    -1.90767e-08     1.75954e-08 
    2    -5.25217e-10    -3.46870e-10     1.95356e-08    -8.74991e-09     7.40219e-09 
    3    -7.18488e-10    -4.12284e-10     1.34446e-08    -6.20879e-09     4.88511e-09 
    4    -9.66921e-10    -4.59621e-10     1.08263e-08    -5.15961e-09     3.67542e-09 
    5    -1.11865e-09    -6.46612e-10     9.47420e-09    -4.46914e-09     2.90692e-09 
    6    -1.22585e-09    -8.03717e-10     8.70836e-09    -4.07116e-09     2.39876e-09 
    7    -1.35194e-09    -8.99449e-10     8.22730e-09    -3.96130e-09     2.01800e-09 
    8    -1.46146e-09    -1.00992e-09     7.90512e-09    -3.89017e-09     1.75800e-09 
    9    -1.48670e-09    -1.02007e-09     7.67908e-09    -3.75614e-09     1.59230e-09 
   10    -1.41284e-09    -9.06465e-10     7.37133e-09    -3.65494e-09     1.52510e-09 
   20     7.90917e-10     1.68724e-11     7.22424e-09    -2.08378e-09     2.25288e-09 
   30    -1.28771e-09    -9.16367e-10     9.65052e-09    -3.74613e-09     1.08926e-09 
   40     1.35077e-09    -3.32578e-10     2.11642e-08    -3.41983e-09     3.73186e-09 
   50     1.93925e-09     1.42220e-09     1.43567e-07    -2.36237e-09     7.22321e-09 
   60    -1.31278e-08     3.71874e-09     7.34453e-06    -2.77986e-09     1.83787e-08 
   70    -4.55001e-07    -1.17909e-08     1.87775e-05    -3.44423e-07     4.81559e-09 
   80     1.47682e-06    -2.28730e-08     2.36645e-04    -5.25277e-07     1.28147e-07 
   90    -5.18888e-05     2.16058e-09     4.26036e-04    -2.88665e-06     5.22595e-06 
  100    -7.20422e-05    -2.53022e-07     8.91376e-04    -3.19817e-05     4.10906e-06 
  110     9.06250e-05     1.11274e-07     7.69696e-04    -3.29385e-05     1.03029e-04 
  120     6.77940e-05     2.69116e-06     7.70405e-04    -2.53764e-05     1.71428e-04 
  130     6.95356e-05    -2.10146e-07     1.15600e-03    -1.85793e-04     1.28733e-04 
  140    -6.82207e-05    -3.13792e-07     8.38211e-04    -2.25866e-04     1.74904e-04 
  150    -1.15501e-04    -1.39052e-06     9.89882e-04    -2.89758e-04     1.36981e-04 
  160     2.51366e-05     2.56981e-06     8.04921e-04    -1.84230e-04     2.58073e-04 
  170     7.99598e-05     1.30900e-06     9.49782e-04    -1.74563e-04     3.68687e-04 
  180    -2.52532e-04    -2.99242e-05     1.03800e-03    -4.33292e-04     9.62172e-05 
  190     1.49920e-04     8.34764e-06     1.07233e-03    -1.61051e-04     3.46191e-04 
  200     2.17895e-04     7.71706e-05     1.04470e-03    -8.67464e-05     5.76990e-04 
  210     2.71740e-04     7.67676e-05     1.24678e-03    -1.26273e-04     5.44837e-04 
  220    -1.54053e-04    -2.35293e-06     1.49893e-03    -5.25673e-04     3.12496e-04 
  230    -7.64661e-05    -4.25351e-05     1.87986e-03    -7.88064e-04     2.86689e-04 
  240    -4.12995e-04    -3.48859e-05     2.36202e-03    -6.61985e-04     3.32750e-04 
  250     5.40423e-04     6.89618e-05     2.19370e-03    -1.92466e-04     1.05068e-03 
  260     3.96489e-04     1.17966e-04     2.71185e-03    -1.87180e-04     1.04340e-03 
  270    -3.08445e-04     5.39470e-06     2.41490e-03    -6.83531e-04     5.20494e-04 
  280    -2.07800e-04    -3.62439e-05     2.04900e-03    -7.40939e-04     3.37618e-04 
  290    -2.71922e-04    -5.61169e-05     2.22602e-03    -7.97481e-04     3.63661e-04 
  300    -4.39509e-04    -9.73753e-05     1.99852e-03    -1.07116e-03     2.55793e-04 
  310     5.86543e-04     9.57619e-05     2.53809e-03    -3.59930e-04     1.10908e-03 
  320    -1.40254e-04    -4.02165e-06     2.36470e-03    -8.15548e-04     6.66333e-04 
  330    -4.64589e-04    -7.80293e-05     2.24292e-03    -1.05264e-03     4.38229e-04 
  340    -4.20874e-04    -1.21523e-04     2.76750e-03    -1.17675e-03     5.02478e-04 
  350     4.72195e-04     7.02013e-05     2.46336e-03    -5.52552e-04     1.12446e-03 
  370     3.76687e-04     1.25456e-04     2.39151e-03    -5.08944e-04     1.19378e-03 
