    0     1.52476e+46     1.28498e+46     9.46124e+45     7.42518e+45     2.18339e+46 
    1     1.51975e+46     1.27754e+46     9.38687e+45     7.49559e+45     2.18143e+46 
    2     1.50551e+46     1.26610e+46     9.28826e+45     7.50761e+45     2.14015e+46 
    3     1.50746e+46     1.28095e+46     9.31795e+45     7.45205e+45     2.12334e+46 
    4     1.50491e+46     1.29798e+46     9.19178e+45     7.49111e+45     2.11449e+46 
    5     1.48858e+46     1.28696e+46     9.03470e+45     7.52747e+45     2.07340e+46 
    6     1.48239e+46     1.26923e+46     9.05885e+45     7.46082e+45     2.06447e+46 
    7     1.49063e+46     1.26829e+46     9.15603e+45     7.42323e+45     2.08377e+46 
    8     1.48827e+46     1.26536e+46     9.13950e+45     7.39990e+45     2.08059e+46 
    9     1.47609e+46     1.24746e+46     9.08759e+45     7.37677e+45     2.05782e+46 
   10     1.48063e+46     1.24748e+46     9.15412e+45     7.39770e+45     2.06087e+46 
   20     1.41391e+46     1.16218e+46     8.86356e+45     7.14091e+45     1.95248e+46 
   30     1.36673e+46     1.10839e+46     8.86776e+45     6.65199e+45     1.91232e+46 
   40     1.34042e+46     1.08799e+46     8.66669e+45     6.61829e+45     1.83994e+46 
   50     1.28058e+46     1.02664e+46     8.33957e+45     6.37674e+45     1.75410e+46 
   60     1.26514e+46     1.01712e+46     8.37901e+45     6.06763e+45     1.74798e+46 
   70     1.22150e+46     9.62667e+45     8.20429e+45     5.98821e+45     1.64994e+46 
   80     1.19074e+46     9.38817e+45     8.00355e+45     5.80250e+45     1.61240e+46 
   90     1.16629e+46     9.24777e+45     7.99230e+45     5.63320e+45     1.56520e+46 
  100     1.14262e+46     9.09150e+45     7.82254e+45     5.62045e+45     1.51919e+46 
  110     1.11146e+46     8.75308e+45     7.85306e+45     5.25586e+45     1.48490e+46 
  120     1.11849e+46     8.69147e+45     7.97933e+45     5.20299e+45     1.48585e+46 
  130     1.11542e+46     8.64864e+45     7.90630e+45     5.39590e+45     1.46393e+46 
  140     1.12060e+46     8.64643e+45     7.93663e+45     5.55305e+45     1.44294e+46 
  150     1.08677e+46     8.40557e+45     7.77799e+45     5.24468e+45     1.40935e+46 
  160     1.10479e+46     8.34237e+45     8.14757e+45     5.15704e+45     1.45886e+46 
  170     1.06659e+46     8.09505e+45     7.94481e+45     5.18002e+45     1.34600e+46 
  180     1.05273e+46     7.95826e+45     7.96833e+45     4.96315e+45     1.33832e+46 
  190     1.05531e+46     7.97079e+45     8.08738e+45     4.76842e+45     1.35507e+46 
  200     1.06406e+46     8.24175e+45     7.93394e+45     4.98331e+45     1.35629e+46 
  210     1.02968e+46     7.85061e+45     7.75645e+45     4.75547e+45     1.32691e+46 
  220     1.00249e+46     7.55839e+45     7.70161e+45     4.65585e+45     1.26788e+46 
  230     1.00070e+46     7.38713e+45     7.77014e+45     4.59194e+45     1.27911e+46 
  240     9.97166e+45     7.65529e+45     7.41436e+45     4.81900e+45     1.26482e+46 
  250     9.53828e+45     7.03443e+45     7.42673e+45     4.52217e+45     1.18765e+46 
  260     9.32791e+45     6.88232e+45     7.27365e+45     4.39577e+45     1.18086e+46 
  270     9.44397e+45     6.94334e+45     7.52052e+45     4.31415e+45     1.18361e+46 
  280     9.40497e+45     7.04186e+45     7.43423e+45     4.41308e+45     1.17117e+46 
  290     9.37272e+45     6.97878e+45     7.42108e+45     4.48302e+45     1.13832e+46 
  300     9.17622e+45     6.83776e+45     7.19449e+45     4.34470e+45     1.13263e+46 
  310     9.05157e+45     6.69443e+45     7.17931e+45     4.24109e+45     1.11909e+46 
  320     9.02277e+45     6.80898e+45     7.08777e+45     4.26215e+45     1.11144e+46 
  330     8.66866e+45     6.34972e+45     7.07624e+45     3.96778e+45     1.06544e+46 
  340     8.63891e+45     6.31575e+45     7.05691e+45     4.02412e+45     1.05508e+46 
  350     8.48118e+45     6.25798e+45     6.91974e+45     4.04728e+45     1.00999e+46 
  370     8.22253e+45     5.84496e+45     6.93203e+45     3.79578e+45     9.83287e+45 
