    0    -2.73851e-08    -4.33388e-09     1.31932e-06    -4.49028e-07     4.19057e-07 
    1    -3.68577e-09    -1.55033e-10     5.69240e-08    -2.30425e-08     2.17900e-08 
    2    -1.66557e-09    -1.44585e-10     2.34328e-08    -1.07844e-08     9.39681e-09 
    3    -9.07673e-10    -1.35985e-10     1.43544e-08    -6.84208e-09     5.82446e-09 
    4    -5.11358e-10    -1.64763e-11     1.02839e-08    -4.89394e-09     4.26324e-09 
    5    -2.92994e-10     5.06134e-11     8.03876e-09    -3.73142e-09     3.37611e-09 
    6    -1.76358e-10     5.69925e-11     6.63696e-09    -3.05472e-09     2.87956e-09 
    7    -8.00175e-11     5.74008e-11     5.60171e-09    -2.56627e-09     2.57406e-09 
    8    -1.24701e-11     5.82498e-11     4.88144e-09    -2.18313e-09     2.35224e-09 
    9     2.40157e-11     6.18692e-11     4.36626e-09    -1.91558e-09     2.15917e-09 
   10     4.35903e-11     8.05729e-11     3.95738e-09    -1.71926e-09     1.96749e-09 
   20     3.14702e-11     1.17415e-10     2.65086e-09    -8.36312e-10     1.03906e-09 
   30     9.89738e-11     2.68113e-10     3.99604e-09    -6.39763e-10     1.20823e-09 
   40    -1.81644e-10     2.39705e-10     9.37291e-09    -9.99712e-10     1.28077e-09 
   50    -1.61475e-09     6.24957e-11     7.83820e-08    -1.50713e-09     1.40208e-09 
   60    -4.93747e-08     7.42972e-11     3.00905e-06    -2.44252e-09     2.96007e-09 
   70     3.02792e-07     6.05168e-10     9.70814e-06    -6.13170e-09     2.56862e-08 
   80    -1.48592e-06     2.07301e-09     2.50647e-04    -1.33895e-08     4.19471e-07 
   90    -9.49541e-06     1.02271e-09     1.51531e-04    -7.28223e-07     1.91491e-06 
  100    -3.91502e-05    -1.48485e-08     3.12646e-04    -1.95251e-05     1.20177e-06 
  110    -3.11766e-05    -5.45187e-09     2.40299e-04    -3.54883e-05     6.46134e-06 
  120    -2.27866e-05     6.06353e-09     4.04610e-04    -3.45180e-05     1.83382e-05 
  130    -3.89783e-05     6.79461e-08     3.18810e-04    -3.85499e-05     2.71395e-05 
  140    -3.92044e-05     3.57574e-07     3.10972e-04    -4.81468e-05     4.88895e-05 
  150    -2.01392e-05     4.90334e-07     2.87131e-04    -6.92528e-05     5.41824e-05 
  160    -4.51340e-05     2.50120e-07     2.56945e-04    -9.39628e-05     4.91896e-05 
  170    -1.22240e-05     7.04012e-06     2.63464e-04    -4.63055e-05     8.66056e-05 
  180     6.67621e-05     2.39472e-05     3.46265e-04    -1.19484e-05     1.31607e-04 
  190     1.14386e-04     5.87824e-05     3.31325e-04    -1.51249e-07     2.13455e-04 
  200     1.49317e-04     7.35775e-05     3.64012e-04     2.91690e-07     2.62092e-04 
  210     1.25310e-04     5.36362e-05     3.58817e-04    -8.11667e-06     2.42302e-04 
  220     1.91295e-04     7.76021e-05     4.69383e-04    -1.26184e-06     3.29329e-04 
  230     1.68241e-04     6.16784e-05     5.06564e-04    -1.35392e-05     3.62324e-04 
  240     1.46964e-04     2.40992e-05     6.54601e-04    -7.77161e-05     3.07409e-04 
  250     1.41336e-04     9.72722e-06     1.00882e-03    -1.24331e-04     2.45722e-04 
  260     2.09202e-04     2.62978e-05     9.91162e-04    -8.83736e-05     3.89078e-04 
  270     1.08869e-04     1.49514e-05     7.40342e-04    -1.37940e-04     3.31245e-04 
  280     7.53473e-06    -7.09907e-07     6.79115e-04    -1.98598e-04     2.16808e-04 
  290    -8.03666e-05    -1.03590e-05     7.10101e-04    -2.89410e-04     1.55948e-04 
  300    -2.88414e-05    -7.48908e-06     5.93006e-04    -2.41296e-04     1.81354e-04 
  310     3.31416e-05     3.17015e-06     8.37669e-04    -1.83664e-04     2.72362e-04 
  320     1.83455e-04     5.60999e-05     6.96748e-04    -8.22192e-05     4.39901e-04 
  330     2.01379e-04     8.56093e-05     7.41181e-04    -8.17221e-05     4.85787e-04 
  340     1.43750e-04     5.46555e-05     7.87500e-04    -1.34988e-04     4.83724e-04 
  350     6.76819e-05     4.38166e-05     8.16045e-04    -1.59862e-04     4.09871e-04 
  370     4.42549e-05     1.83760e-06     7.54735e-04    -2.57362e-04     2.91394e-04 
