    0     2.49718e-18     1.17058e-18     3.23998e-18     2.54286e-19     3.52953e-18 
    1     2.85078e-20     2.24607e-21     1.59305e-19     3.28029e-22     1.15836e-20 
    2     8.78560e-21     4.23589e-22     7.24593e-20     5.96082e-23     2.28123e-21 
    3     4.23008e-21     1.60751e-22     4.01814e-20     2.26232e-23     9.13295e-22 
    4     2.50311e-21     8.22115e-23     2.55562e-20     1.17792e-23     4.97738e-22 
    5     1.66135e-21     4.96837e-23     1.77467e-20     7.09438e-24     3.13342e-22 
    6     1.19760e-21     3.37989e-23     1.30446e-20     5.00009e-24     2.13289e-22 
    7     9.04373e-22     2.38699e-23     1.00589e-20     3.80289e-24     1.51010e-22 
    8     7.23369e-22     1.79384e-23     7.97061e-21     2.91603e-24     1.13666e-22 
    9     6.07833e-22     1.41886e-23     6.68245e-21     2.30102e-24     9.08156e-23 
   10     5.28283e-22     1.13235e-23     6.08885e-21     1.80435e-24     7.60583e-23 
   20     2.40546e-22     3.32941e-24     3.64342e-21     3.73709e-25     2.54259e-23 
   30     4.85574e-22     3.37062e-24     4.57471e-20     4.64916e-25     2.54508e-23 
   40     2.98555e-21     5.17338e-24     1.87758e-19     6.72837e-25     4.39042e-23 
   50     1.07516e-19     8.80507e-24     5.36834e-18     1.08585e-24     8.23694e-23 
   60     2.08165e-16     3.69632e-23     3.67958e-14     3.24667e-24     5.95087e-22 
   70     2.95422e-15     6.69811e-22     3.79619e-13     2.53646e-23     7.35669e-20 
   80     2.90461e-12     2.26512e-20     2.49426e-10     3.02006e-22     3.15789e-18 
   90     3.71184e-13     4.03117e-18     1.03771e-11     3.54500e-21     3.99718e-16 
  100     1.94989e-12     1.07105e-16     1.22904e-10     5.23361e-19     6.00822e-15 
  110     7.33768e-13     7.81027e-16     3.33714e-11     5.02272e-18     2.13367e-14 
  120     2.35677e-12     1.90388e-15     5.46655e-11     3.17167e-17     2.43064e-14 
  130     1.05810e-12     2.65328e-15     2.42441e-11     1.04558e-16     4.62015e-14 
  140     6.33330e-13     5.63359e-15     2.29902e-11     2.33629e-16     6.43556e-14 
  150     7.49703e-13     9.26405e-15     2.71560e-11     4.23628e-16     8.65278e-14 
  160     5.82739e-13     1.14148e-14     2.25963e-11     8.87459e-16     8.92749e-14 
  170     6.10153e-13     1.34148e-14     4.80404e-11     1.13072e-15     1.06521e-13 
  180     3.05836e-12     1.46346e-14     1.50035e-10     1.54699e-15     1.04147e-13 
  190     2.36642e-12     3.84617e-14     2.32403e-10     3.56032e-15     2.20510e-13 
  200     2.56181e-12     5.11545e-14     1.13496e-10     5.88299e-15     2.48491e-13 
  210     1.09681e-12     4.98039e-14     2.07371e-11     5.78020e-15     2.62597e-13 
  220     2.78023e-12     7.26157e-14     1.06662e-10     8.59137e-15     4.08795e-13 
  230     2.03449e-12     9.27657e-14     4.30648e-11     1.02341e-14     5.27251e-13 
  240     4.45457e-12     9.60468e-14     1.92639e-10     8.85691e-15     6.07366e-13 
  250     4.90969e-12     1.04317e-13     8.52124e-11     9.17761e-15     7.06449e-13 
  260     6.92459e-12     1.64359e-13     2.92141e-10     1.29451e-14     1.13440e-12 
  270     5.96002e-12     1.71134e-13     3.61906e-10     1.79878e-14     1.00497e-12 
  280     4.40248e-12     1.34782e-13     6.03636e-11     1.44935e-14     8.45246e-13 
  290     4.17619e-12     1.61654e-13     9.32106e-11     1.71938e-14     9.19142e-13 
  300     5.05943e-12     1.44745e-13     1.35954e-10     1.82657e-14     7.87943e-13 
  310     1.37023e-11     1.68492e-13     4.60012e-10     2.32555e-14     8.72734e-13 
  320     8.21439e-12     1.83554e-13     4.38041e-10     2.13657e-14     1.10919e-12 
  330     9.33362e-12     2.68069e-13     1.52984e-10     3.40027e-14     1.34368e-12 
  340     9.67404e-12     3.12369e-13     3.47125e-10     3.65435e-14     1.57850e-12 
  350     8.53259e-12     2.77061e-13     1.97386e-10     3.64247e-14     1.40198e-12 
  370     7.19081e-12     2.60249e-13     1.52484e-10     3.90018e-14     1.22761e-12 
