    0     1.75960e-12     1.92094e-13     4.30621e-12     2.56397e-14     1.50461e-12 
    1     3.16479e-15     4.97951e-16     1.15863e-14     8.67626e-17     2.07538e-15 
    2     6.93314e-16     1.17232e-16     2.59049e-15     2.19004e-17     4.34567e-16 
    3     3.58051e-16     5.87819e-17     1.52072e-15     1.17472e-17     2.12564e-16 
    4     2.35783e-16     3.86112e-17     1.00068e-15     7.98567e-18     1.39465e-16 
    5     1.72769e-16     2.83683e-17     6.67874e-16     6.11087e-18     1.03100e-16 
    6     1.38186e-16     2.36231e-17     5.05391e-16     5.09568e-18     8.49081e-17 
    7     1.14365e-16     2.08415e-17     4.41169e-16     4.36021e-18     7.47172e-17 
    8     9.76422e-17     1.89545e-17     3.75186e-16     3.90817e-18     6.72718e-17 
    9     8.77109e-17     1.76117e-17     3.21894e-16     3.56722e-18     6.19516e-17 
   10     8.02262e-17     1.65910e-17     2.86822e-16     3.30911e-18     5.84709e-17 
   20     7.93749e-17     1.26041e-17     2.85455e-16     2.51148e-18     4.92064e-17 
   30     2.23159e-16     1.77384e-17     6.36906e-15     3.54959e-18     7.25211e-17 
   40     7.49208e-16     3.50754e-17     1.57281e-14     6.82299e-18     1.59550e-16 
   50     4.75614e-14     6.96351e-17     1.78785e-12     1.36641e-17     3.26077e-16 
   60     1.09655e-10     2.54580e-16     6.77755e-09     3.88308e-17     4.95433e-15 
   70     9.00340e-10     1.05563e-14     4.36481e-08     2.27011e-16     1.16397e-12 
   80     1.27220e-07     3.55946e-13     6.14026e-06     3.23217e-15     5.22703e-11 
   90     2.90006e-07     5.39405e-11     2.23574e-06     5.73803e-14     8.66611e-09 
  100     1.36594e-06     7.34618e-10     2.26261e-05     3.59906e-12     7.35428e-08 
  110     1.02037e-06     1.24640e-08     6.31329e-06     1.93807e-11     3.93660e-07 
  120     1.25242e-06     3.63928e-08     5.51130e-06     2.49066e-10     5.57784e-07 
  130     2.04252e-06     8.83222e-08     7.80947e-06     1.19831e-09     8.27209e-07 
  140     1.52806e-06     1.30680e-07     4.19451e-06     4.62090e-09     1.21384e-06 
  150     1.69950e-06     1.51487e-07     6.36360e-06     8.04324e-09     1.10648e-06 
  160     1.27872e-06     1.41092e-07     3.29387e-06     9.05700e-09     9.93396e-07 
  170     1.70692e-06     2.18441e-07     2.27424e-05     1.27922e-08     1.29326e-06 
  180     1.84138e-06     1.48106e-07     1.58115e-05     9.41917e-09     7.39492e-07 
  190     1.99338e-06     1.55655e-07     1.10236e-05     1.27645e-08     1.06983e-06 
  200     2.21638e-06     3.05016e-07     6.31436e-06     2.09832e-08     2.02026e-06 
  210     3.13947e-06     3.65507e-07     1.18841e-05     3.26427e-08     2.12940e-06 
  220     4.58694e-06     6.13342e-07     1.69097e-05     5.87789e-08     3.56880e-06 
  230     5.85397e-06     8.55188e-07     1.31734e-05     5.52495e-08     5.22517e-06 
  240     9.89014e-06     9.23090e-07     3.23815e-05     4.93093e-08     6.71222e-06 
  250     1.22153e-05     9.69112e-07     4.73825e-05     5.44218e-08     5.72851e-06 
  260     1.37004e-05     1.06413e-06     4.76130e-05     7.71403e-08     7.49218e-06 
  270     1.16186e-05     1.17146e-06     3.44395e-05     8.67854e-08     8.38080e-06 
  280     8.96991e-06     9.48590e-07     2.72020e-05     6.81415e-08     6.81721e-06 
  290     8.80484e-06     9.77586e-07     2.88589e-05     7.85108e-08     5.81440e-06 
  300     8.47029e-06     1.37288e-06     2.36643e-05     9.95703e-08     7.50253e-06 
  310     1.14268e-05     1.41980e-06     4.77223e-05     1.19688e-07     9.22450e-06 
  320     1.11125e-05     1.77324e-06     4.42766e-05     1.36147e-07     9.21299e-06 
  330     9.39298e-06     1.70337e-06     2.74444e-05     1.53240e-07     8.79669e-06 
  340     1.62567e-05     2.34851e-06     4.58685e-05     2.20198e-07     1.18080e-05 
  350     1.13008e-05     2.29858e-06     3.02276e-05     2.25433e-07     1.16920e-05 
  370     1.14694e-05     2.19436e-06     2.98409e-05     2.71962e-07     1.08416e-05 
