    0     2.40515e-14     1.28410e-14     3.11556e-14     3.80476e-15     3.32275e-14 
    1     2.44273e-14     1.26245e-14     3.19857e-14     3.83355e-15     3.35376e-14 
    2     2.46074e-14     1.26564e-14     3.26052e-14     3.83125e-15     3.37038e-14 
    3     2.46743e-14     1.27825e-14     3.22285e-14     3.84507e-15     3.35638e-14 
    4     2.48168e-14     1.26656e-14     3.25281e-14     3.81211e-15     3.33558e-14 
    5     2.49569e-14     1.26364e-14     3.30349e-14     3.78021e-15     3.34041e-14 
    6     2.48493e-14     1.26874e-14     3.22875e-14     3.77679e-15     3.40242e-14 
    7     2.48237e-14     1.28313e-14     3.17900e-14     3.77213e-15     3.44782e-14 
    8     2.47909e-14     1.28626e-14     3.14566e-14     3.78695e-15     3.46680e-14 
    9     2.50674e-14     1.29714e-14     3.21544e-14     3.80097e-15     3.45858e-14 
   10     2.54708e-14     1.31324e-14     3.29175e-14     3.83204e-15     3.49845e-14 
   20     2.54923e-14     1.29166e-14     3.47405e-14     3.91135e-15     3.34484e-14 
   30     2.57843e-14     1.31126e-14     3.35869e-14     3.83784e-15     3.37664e-14 
   40     2.77586e-14     1.31997e-14     4.01129e-14     3.86495e-15     3.52144e-14 
   50     2.69734e-14     1.31964e-14     3.46968e-14     3.84042e-15     3.64327e-14 
   60     3.03990e-14     1.40682e-14     4.42998e-14     4.20784e-15     3.77481e-14 
   70     2.92490e-14     1.42083e-14     4.10338e-14     4.02970e-15     3.81057e-14 
   80     3.15931e-14     1.51104e-14     4.42947e-14     4.26698e-15     4.05670e-14 
   90     3.37001e-14     1.46065e-14     5.10957e-14     4.22199e-15     4.35425e-14 
  100     3.50412e-14     1.50785e-14     5.17950e-14     4.26019e-15     4.25374e-14 
  110     3.22546e-14     1.41581e-14     5.11667e-14     4.20469e-15     3.77528e-14 
  120     2.77277e-14     1.40659e-14     3.44841e-14     4.17648e-15     3.81436e-14 
  130     2.92000e-14     1.41229e-14     3.95365e-14     4.23491e-15     3.79046e-14 
  140     3.09083e-14     1.50079e-14     3.97709e-14     4.35769e-15     4.16433e-14 
  150     2.93791e-14     1.50573e-14     3.73040e-14     4.42703e-15     3.95058e-14 
  160     2.97400e-14     1.35284e-14     4.05221e-14     3.93325e-15     3.84201e-14 
  170     2.87944e-14     1.38004e-14     3.71065e-14     4.24862e-15     3.83459e-14 
  180     2.55690e-14     1.36481e-14     3.02207e-14     4.11616e-15     3.58111e-14 
  190     2.64014e-14     1.37211e-14     3.24960e-14     4.23135e-15     3.64920e-14 
  200     2.79436e-14     1.41620e-14     3.63219e-14     4.26430e-15     3.72621e-14 
  210     2.74118e-14     1.42055e-14     3.44424e-14     4.32597e-15     3.70038e-14 
  220     2.71306e-14     1.34134e-14     3.45859e-14     4.14405e-15     3.56099e-14 
  230     2.87796e-14     1.39307e-14     3.74569e-14     4.23963e-15     3.77790e-14 
  240     3.30771e-14     1.43040e-14     4.75820e-14     4.14828e-15     4.05902e-14 
  250     2.82962e-14     1.35878e-14     3.91480e-14     4.10418e-15     3.58077e-14 
  260     2.82859e-14     1.30476e-14     4.19845e-14     3.89638e-15     3.34641e-14 
  270     2.55735e-14     1.25329e-14     3.57816e-14     4.02832e-15     3.18195e-14 
  280     2.43806e-14     1.22829e-14     3.28761e-14     3.91691e-15     3.09494e-14 
  290     2.43416e-14     1.28042e-14     3.04764e-14     3.96812e-15     3.26229e-14 
  300     2.49734e-14     1.24600e-14     3.40859e-14     3.94938e-15     3.22737e-14 
  310     2.52408e-14     1.24762e-14     3.41971e-14     3.94712e-15     3.15886e-14 
  320     2.61846e-14     1.28134e-14     3.38369e-14     3.88043e-15     3.46057e-14 
  330     2.35939e-14     1.25632e-14     2.86685e-14     3.82557e-15     3.27197e-14 
  340     2.69377e-14     1.25244e-14     3.93876e-14     3.98343e-15     3.41197e-14 
  350     2.70665e-14     1.26775e-14     3.72214e-14     3.88555e-15     3.42584e-14 
  370     2.42817e-14     1.28247e-14     2.97991e-14     3.91583e-15     3.35350e-14 
