    0     1.57283e-12     1.87167e-13     3.65708e-12     2.34099e-14     1.54769e-12 
    1     2.47210e-15     3.30061e-16     9.55589e-15     5.64179e-17     1.40299e-15 
    2     4.53236e-16     7.64475e-17     1.48868e-15     1.39470e-17     3.04706e-16 
    3     1.93954e-16     3.49218e-17     6.91983e-16     6.63294e-18     1.34879e-16 
    4     1.08893e-16     1.98365e-17     4.10170e-16     3.84656e-18     7.60694e-17 
    5     6.89457e-17     1.23428e-17     2.71766e-16     2.47240e-18     4.69567e-17 
    6     4.73336e-17     8.49104e-18     1.95389e-16     1.72397e-18     3.12959e-17 
    7     3.37965e-17     6.01166e-18     1.47877e-16     1.26098e-18     2.19651e-17 
    8     2.56954e-17     4.45217e-18     1.20014e-16     9.86084e-19     1.67529e-17 
    9     2.05815e-17     3.49761e-18     9.96698e-17     7.83033e-19     1.36877e-17 
   10     1.70824e-17     2.88422e-18     8.80493e-17     6.42601e-19     1.13451e-17 
   20     8.28258e-18     9.64457e-19     1.21782e-16     1.99340e-19     3.87545e-18 
   30     1.59979e-17     9.77140e-19     9.68169e-16     2.05558e-19     3.42355e-18 
   40     1.47116e-16     1.06957e-18     6.53719e-15     1.91510e-19     4.42604e-18 
   50     1.89320e-14     1.80396e-18     8.92838e-13     3.42463e-19     1.19733e-17 
   60     2.64505e-11     4.25272e-18     9.99059e-10     5.74752e-19     4.45274e-17 
   70     1.62685e-10     5.40782e-17     9.98941e-09     3.08044e-18     7.63458e-15 
   80     8.93679e-08     1.39497e-15     5.71363e-06     1.53245e-17     3.92706e-13 
   90     2.80327e-08     7.46310e-13     7.40254e-07     5.37798e-16     2.77610e-10 
  100     1.69515e-07     2.11506e-11     9.04309e-06     7.12551e-14     1.41707e-09 
  110     5.70805e-08     2.46052e-10     1.21727e-06     5.37865e-13     5.02753e-09 
  120     2.83563e-07     3.14603e-10     3.37267e-06     6.00694e-12     4.74860e-09 
  130     9.96885e-08     6.28422e-10     1.88303e-06     1.54756e-11     9.15281e-09 
  140     2.91351e-08     8.50283e-10     3.66410e-07     4.05785e-11     1.00620e-08 
  150     3.35437e-08     1.19111e-09     4.96765e-07     5.82398e-11     1.09617e-08 
  160     2.61596e-08     1.21713e-09     6.44887e-07     6.45015e-11     1.06391e-08 
  170     1.07255e-07     1.11345e-09     3.57714e-05     7.99072e-11     7.13457e-09 
  180     5.71142e-08     1.33400e-09     1.30440e-06     1.08484e-10     8.05052e-09 
  190     1.02406e-07     1.49225e-09     4.87729e-06     1.28221e-10     1.10114e-08 
  200     1.16696e-07     2.01169e-09     2.96395e-06     1.54240e-10     1.47710e-08 
  210     7.42265e-08     2.52487e-09     1.11650e-06     2.01069e-10     1.69425e-08 
  220     1.14675e-07     3.02182e-09     1.74108e-06     2.85572e-10     1.91661e-08 
  230     7.33535e-08     4.78452e-09     6.78882e-07     3.20891e-10     3.84999e-08 
  240     2.40339e-07     7.60559e-09     5.28160e-06     4.42521e-10     5.41181e-08 
  250     1.50146e-07     7.10425e-09     1.38167e-06     5.82721e-10     4.95392e-08 
  260     4.55370e-07     9.14471e-09     1.01250e-05     6.89136e-10     7.62886e-08 
  270     2.05723e-07     9.74648e-09     3.47253e-06     7.43949e-10     6.59699e-08 
  280     1.55353e-07     1.37491e-08     1.75272e-06     1.02874e-09     8.16582e-08 
  290     1.11874e-07     1.13148e-08     1.69074e-06     9.13176e-10     5.86720e-08 
  300     2.13485e-07     8.62219e-09     1.20592e-05     7.90804e-10     5.12350e-08 
  310     3.73021e-07     9.21407e-09     8.57546e-06     8.60362e-10     4.77523e-08 
  320     2.62903e-07     1.14719e-08     1.40249e-05     1.11511e-09     5.74986e-08 
  330     1.85739e-07     1.07140e-08     1.56991e-06     1.01392e-09     6.84110e-08 
  340     2.66053e-07     1.67277e-08     7.52102e-06     1.59194e-09     8.86739e-08 
  350     3.22839e-07     1.79657e-08     6.40155e-06     1.69489e-09     9.20316e-08 
  370     1.97996e-07     2.01693e-08     2.70093e-06     2.30715e-09     9.31719e-08 
