    0     2.17430e-18     1.17043e-18     2.54739e-18     2.56053e-19     3.34565e-18 
    1     2.55214e-20     1.40618e-21     1.50112e-19     1.92214e-22     8.86388e-21 
    2     7.84543e-21     2.99129e-22     6.70731e-20     4.39364e-23     1.90091e-21 
    3     3.75723e-21     1.34573e-22     3.83062e-20     2.12727e-23     8.08925e-22 
    4     2.22312e-21     7.69268e-23     2.50743e-20     1.26738e-23     4.46137e-22 
    5     1.49945e-21     4.76611e-23     1.79139e-20     7.97683e-24     2.80244e-22 
    6     1.10294e-21     3.23613e-23     1.36823e-20     5.33203e-24     1.90445e-22 
    7     8.57170e-22     2.29735e-23     1.07055e-20     3.69774e-24     1.36570e-22 
    8     6.99267e-22     1.74836e-23     9.10222e-21     2.76113e-24     1.03187e-22 
    9     5.82967e-22     1.40247e-23     7.76120e-21     2.12606e-24     8.24407e-23 
   10     5.13216e-22     1.14439e-23     7.32663e-21     1.72585e-24     6.72894e-23 
   20     3.51603e-22     3.46969e-24     1.17106e-20     5.10977e-25     2.46428e-23 
   30     5.55172e-22     3.02295e-24     5.96644e-20     6.22181e-25     2.10463e-23 
   40     5.71673e-21     3.28050e-24     3.63094e-19     5.45473e-25     2.67617e-23 
   50     3.97543e-19     6.96960e-24     3.18317e-17     9.53561e-25     7.05856e-23 
   60     3.23035e-16     1.87493e-23     1.86752e-14     2.06684e-24     2.68382e-22 
   70     5.01095e-15     2.91892e-22     8.21039e-13     1.56683e-23     2.13340e-20 
   80     4.44884e-12     5.02836e-21     4.19231e-10     1.26324e-22     7.07356e-19 
   90     6.75032e-13     1.84864e-18     3.88235e-11     3.53057e-21     5.57974e-16 
  100     3.93206e-12     4.70449e-17     3.42217e-10     3.49327e-19     2.88425e-15 
  110     9.68152e-13     6.46766e-16     6.84750e-11     3.59218e-18     9.41871e-15 
  120     3.38371e-12     8.26811e-16     6.91136e-11     2.98520e-17     1.33731e-14 
  130     1.58673e-12     1.81435e-15     5.69348e-11     7.48729e-17     2.08192e-14 
  140     5.85172e-13     2.00425e-15     3.34323e-11     1.57762e-16     2.31625e-14 
  150     6.00950e-13     2.83027e-15     3.71172e-11     2.54798e-16     2.52070e-14 
  160     6.28150e-13     3.32360e-15     4.77922e-11     2.68082e-16     2.57579e-14 
  170     9.10024e-12     2.86910e-15     3.72052e-09     3.17060e-16     2.10481e-14 
  180     1.75144e-12     3.41639e-15     9.88793e-11     4.42912e-16     2.62156e-14 
  190     4.49583e-12     4.21172e-15     4.16557e-10     5.35448e-16     3.47805e-14 
  200     3.92021e-12     5.48367e-15     2.30348e-10     6.70699e-16     4.51720e-14 
  210     1.18148e-12     7.23021e-15     6.41030e-11     8.41438e-16     4.93955e-14 
  220     2.82666e-12     8.59376e-15     1.09473e-10     1.05563e-15     6.63408e-14 
  230     1.17385e-12     1.34738e-14     5.25306e-11     1.52102e-15     9.48581e-14 
  240     6.73642e-12     1.89614e-14     4.40534e-10     1.95497e-15     1.33587e-13 
  250     2.80991e-12     2.01082e-14     8.75270e-11     2.36278e-15     1.41975e-13 
  260     1.00102e-11     2.92812e-14     4.56688e-10     3.13199e-15     2.26685e-13 
  270     5.43703e-12     3.12376e-14     3.10295e-10     3.57689e-15     2.00544e-13 
  280     3.34888e-12     4.40208e-14     1.20159e-10     5.17243e-15     2.53642e-13 
  290     2.83854e-12     3.32996e-14     1.34877e-10     4.55729e-15     1.78640e-13 
  300     7.83422e-12     2.71860e-14     1.03306e-09     3.56778e-15     1.66196e-13 
  310     7.93092e-12     2.68119e-14     2.64207e-10     3.69305e-15     1.58895e-13 
  320     8.78339e-12     3.30585e-14     1.42298e-09     4.54606e-15     1.93483e-13 
  330     4.58151e-12     3.48994e-14     1.09196e-10     3.99402e-15     2.62126e-13 
  340     1.06203e-11     4.84098e-14     5.86018e-10     6.42966e-15     2.78337e-13 
  350     7.04127e-12     5.15260e-14     2.50617e-10     7.29007e-15     2.82303e-13 
  370     6.17741e-12     6.23912e-14     2.43804e-10     9.45081e-15     3.12625e-13 
