    0     9.42110e-08     2.19745e-08     1.33969e-06    -4.43651e-07     5.97939e-07 
    1     9.42463e-09     2.11568e-09     6.53895e-08    -2.11602e-08     3.03415e-08 
    2     4.51536e-09     2.22682e-09     2.90324e-08    -8.93662e-09     1.47778e-08 
    3     3.02694e-09     1.81350e-09     1.93517e-08    -5.48844e-09     9.58244e-09 
    4     2.25689e-09     1.41692e-09     1.47840e-08    -4.04839e-09     7.11517e-09 
    5     1.78597e-09     1.02216e-09     1.19698e-08    -3.28068e-09     5.66485e-09 
    6     1.42670e-09     7.05736e-10     1.01436e-08    -2.94751e-09     4.86502e-09 
    7     1.08595e-09     5.48236e-10     8.66342e-09    -2.70216e-09     4.28286e-09 
    8     7.34126e-10     4.71049e-10     7.50367e-09    -2.49857e-09     3.80945e-09 
    9     3.94665e-10     3.74637e-10     6.74102e-09    -2.38564e-09     3.38066e-09 
   10     3.17533e-11     2.65968e-10     6.28930e-09    -2.40043e-09     2.95963e-09 
   20     6.09952e-10     2.24549e-10     5.76330e-09    -1.73272e-09     2.28719e-09 
   30    -9.87819e-11    -1.22590e-10     1.20140e-08    -2.80771e-09     2.02171e-09 
   40    -7.82857e-10    -7.94420e-10     1.96655e-08    -4.79325e-09     2.14489e-09 
   50    -1.10888e-10    -1.30511e-10     1.81914e-07    -5.14741e-09     4.95807e-09 
   60    -4.60595e-07     2.00801e-09     8.03478e-06    -5.40889e-09     1.42691e-08 
   70    -6.44690e-07     1.08736e-08     2.53271e-05    -6.05840e-09     1.96585e-07 
   80    -7.32248e-06    -3.48234e-08     3.66046e-04    -1.61303e-06     2.04814e-08 
   90     5.33846e-05     5.51360e-09     3.54976e-04    -5.11675e-07     2.34379e-05 
  100    -1.29054e-04    -3.56801e-09     8.05495e-04    -3.23038e-05     8.82411e-06 
  110    -7.35031e-05    -3.96574e-07     6.87775e-04    -8.00710e-05     3.37304e-05 
  120    -1.15842e-04     2.29259e-07     8.97276e-04    -9.21918e-05     1.13915e-04 
  130     1.16679e-04     2.61014e-06     8.89320e-04    -8.12603e-05     2.50050e-04 
  140     1.14538e-04     3.04764e-07     9.51804e-04    -1.58330e-04     2.66974e-04 
  150    -2.26113e-05    -2.87901e-07     8.88048e-04    -1.94971e-04     2.27640e-04 
  160    -6.01034e-05    -2.99470e-07     8.33445e-04    -2.47458e-04     1.43844e-04 
  170     1.67683e-04     9.00099e-06     9.16450e-04    -1.85220e-04     3.80456e-04 
  180    -1.27013e-04    -5.79597e-06     8.99097e-04    -2.85861e-04     1.51968e-04 
  190    -2.54810e-04    -5.85484e-05     9.37514e-04    -4.12492e-04     8.17576e-05 
  200    -6.16098e-05    -3.36686e-06     1.10838e-03    -2.75167e-04     2.77047e-04 
  210     1.27286e-04     5.56990e-05     1.28040e-03    -1.35490e-04     5.63475e-04 
  220     2.18577e-04     1.33402e-04     1.58920e-03    -1.33771e-04     7.02550e-04 
  230     1.47245e-04     4.46537e-05     1.60545e-03    -3.38378e-04     5.31127e-04 
  240    -5.33553e-04    -4.64959e-05     2.07506e-03    -1.03026e-03     1.92750e-04 
  250     5.52851e-05    -2.41656e-05     2.85405e-03    -6.20944e-04     3.77777e-04 
  260    -1.94573e-04    -1.06169e-05     2.67906e-03    -6.22413e-04     5.62287e-04 
  270     5.99688e-04     1.49158e-04     2.42736e-03    -1.88752e-04     1.26093e-03 
  280     1.79038e-05     4.99804e-05     2.27800e-03    -3.70417e-04     7.12397e-04 
  290     1.99088e-04     2.24780e-05     2.06077e-03    -4.47792e-04     6.46492e-04 
  300    -4.61472e-04    -5.88775e-05     2.10299e-03    -9.71672e-04     3.43537e-04 
  310     4.21712e-05    -2.46662e-05     2.31125e-03    -7.23694e-04     6.07044e-04 
  320     3.95969e-04     6.43637e-05     2.42143e-03    -5.08967e-04     1.07590e-03 
  330     2.61162e-04     5.53945e-05     2.16059e-03    -5.45797e-04     9.74446e-04 
  340    -5.06462e-04    -2.98518e-05     2.96729e-03    -1.11939e-03     6.50326e-04 
  350    -2.55273e-05    -2.68622e-05     2.38318e-03    -8.59454e-04     7.64153e-04 
  370     1.43531e-04    -1.97373e-05     2.48176e-03    -7.54577e-04     9.89794e-04 
