    0     2.54578e-18     1.18292e-18     3.35753e-18     2.56634e-19     3.55070e-18 
    1     3.11717e-20     2.26446e-21     1.88026e-19     3.23064e-22     1.16284e-20 
    2     1.03966e-20     4.76715e-22     8.63169e-20     7.11508e-23     2.72254e-21 
    3     5.47712e-21     2.37562e-22     4.88517e-20     3.69697e-23     1.33502e-21 
    4     3.53498e-21     1.56893e-22     3.10314e-20     2.56797e-23     8.61285e-22 
    5     2.56407e-21     1.16304e-22     2.16570e-20     1.94643e-23     6.45316e-22 
    6     2.03543e-21     9.51158e-23     1.67929e-20     1.64765e-23     5.23810e-22 
    7     1.68971e-21     8.25065e-23     1.36568e-20     1.43714e-23     4.39311e-22 
    8     1.48427e-21     7.36666e-23     1.24303e-20     1.29327e-23     3.82421e-22 
    9     1.37939e-21     6.70585e-23     1.30294e-20     1.15261e-23     3.47918e-22 
   10     1.31942e-21     6.19918e-23     1.41201e-20     1.06928e-23     3.34676e-22 
   20     1.45735e-21     5.23475e-23     1.77278e-20     7.25048e-24     3.23160e-22 
   30     4.49932e-21     6.86797e-23     3.40868e-19     1.00195e-23     4.36768e-22 
   40     1.53192e-20     1.39896e-22     8.24897e-19     1.72144e-23     1.12143e-21 
   50     1.00565e-18     3.07682e-22     8.29227e-17     4.04780e-23     2.25711e-21 
   60     1.91445e-15     1.38630e-21     2.64875e-13     1.66866e-22     1.66918e-20 
   70     1.52096e-14     4.30381e-20     8.08660e-13     1.64855e-21     2.61067e-18 
   80     5.56606e-12     1.19935e-18     4.27105e-10     2.34097e-20     7.43714e-17 
   90     2.86463e-12     1.29524e-16     3.93849e-11     3.80091e-19     1.42276e-14 
  100     1.88543e-11     2.13784e-15     7.05864e-10     1.76104e-17     1.38149e-13 
  110     6.64425e-12     3.02161e-14     1.25121e-10     1.42735e-16     7.39742e-13 
  120     8.86138e-12     1.00270e-13     1.17850e-10     1.51068e-15     1.08241e-12 
  130     1.56722e-11     1.96782e-13     2.08473e-10     6.10480e-15     1.94258e-12 
  140     1.34868e-11     3.00356e-13     1.76090e-10     1.87166e-14     2.55323e-12 
  150     1.45941e-11     3.15382e-13     1.40914e-10     2.95413e-14     2.60482e-12 
  160     9.16427e-12     3.39345e-13     6.64299e-11     3.99202e-14     2.42010e-12 
  170     1.63497e-11     5.84288e-13     2.04941e-09     5.77848e-14     3.38712e-12 
  180     2.47492e-11     3.68096e-13     4.70821e-10     4.50881e-14     2.07155e-12 
  190     2.53813e-11     4.16755e-13     6.64575e-10     5.12978e-14     2.90398e-12 
  200     2.27589e-11     9.08931e-13     3.06284e-10     9.74145e-14     4.52360e-12 
  210     2.83315e-11     1.11045e-12     2.63319e-10     1.40907e-13     5.64358e-12 
  220     4.17874e-11     1.87624e-12     5.41440e-10     2.74962e-13     9.35269e-12 
  230     3.32333e-11     2.55193e-12     3.01874e-10     2.94335e-13     1.22156e-11 
  240     5.83018e-11     2.57654e-12     5.76366e-10     2.78802e-13     1.46157e-11 
  250     7.64099e-11     2.71683e-12     7.72683e-10     2.94135e-13     1.76604e-11 
  260     9.08870e-11     3.68338e-12     1.16974e-09     4.39973e-13     2.07226e-11 
  270     8.66422e-11     3.98833e-12     9.38975e-10     5.18674e-13     2.39901e-11 
  280     6.18260e-11     3.29403e-12     4.98139e-10     4.30810e-13     2.04016e-11 
  290     6.89967e-11     3.09680e-12     6.33823e-10     4.80643e-13     1.82619e-11 
  300     8.61179e-11     4.34952e-12     9.21037e-10     5.62583e-13     2.30643e-11 
  310     1.42275e-10     4.68291e-12     1.93748e-09     6.95899e-13     2.65456e-11 
  320     1.34132e-10     5.37629e-12     3.33709e-09     8.12202e-13     2.47863e-11 
  330     1.16398e-10     5.51057e-12     1.05304e-09     8.47158e-13     2.68076e-11 
  340     1.29694e-10     8.04304e-12     1.22439e-09     1.15564e-12     3.76558e-11 
  350     8.58505e-11     8.15402e-12     7.67563e-10     1.26738e-12     3.58989e-11 
  370     1.13379e-10     7.71728e-12     8.58458e-10     1.44165e-12     3.48030e-11 
