    0     1.62979e-08     2.71127e-09     1.32640e-06    -4.30200e-07     4.46604e-07 
    1     3.53689e-09     4.88418e-10     5.61452e-08    -2.10508e-08     2.36510e-08 
    2     2.63580e-09     8.07517e-10     2.61986e-08    -9.42731e-09     1.22523e-08 
    3     2.23270e-09     7.42163e-10     1.87901e-08    -6.44537e-09     8.96468e-09 
    4     1.98235e-09     6.02380e-10     1.52267e-08    -5.17464e-09     7.35750e-09 
    5     1.82186e-09     5.18111e-10     1.30173e-08    -4.44835e-09     6.33981e-09 
    6     1.70423e-09     5.48123e-10     1.16311e-08    -4.10406e-09     5.75629e-09 
    7     1.53116e-09     4.98898e-10     1.05840e-08    -3.85765e-09     5.39635e-09 
    8     1.38815e-09     4.39930e-10     9.78342e-09    -3.72317e-09     5.08608e-09 
    9     1.32485e-09     4.17072e-10     9.27123e-09    -3.58433e-09     4.92014e-09 
   10     1.31833e-09     4.63390e-10     8.85936e-09    -3.40660e-09     4.84405e-09 
   20     1.56393e-09     5.10790e-10     8.77092e-09    -2.85698e-09     4.25770e-09 
   30     1.56723e-11    -2.66530e-10     1.49385e-08    -4.27218e-09     4.13142e-09 
   40    -9.56795e-10    -9.50951e-10     2.73549e-08    -6.79448e-09     4.93372e-09 
   50     6.63189e-09    -1.25266e-09     2.17985e-07    -9.37547e-09     7.13476e-09 
   60     8.35642e-07     1.36127e-09     1.04382e-05    -1.07336e-08     2.71899e-08 
   70     2.72218e-07     1.07059e-09     3.00044e-05    -7.78635e-08     1.35687e-07 
   80    -4.14501e-06    -2.53465e-08     3.56655e-04    -2.55418e-06     1.04360e-07 
   90     2.39939e-05    -1.28025e-07     5.37987e-04    -1.81301e-05     8.22855e-07 
  100     2.73807e-04     3.53812e-07     1.13621e-03    -4.36446e-06     1.49484e-04 
  110     3.99484e-04     3.60264e-05     9.27782e-04    -3.80699e-08     5.64050e-04 
  120     3.86491e-04     8.95587e-05     1.05026e-03     8.20719e-09     6.26180e-04 
  130     5.25434e-04     1.82949e-04     1.32907e-03     4.40391e-06     7.36386e-04 
  140     5.35034e-04     2.23481e-04     1.11436e-03     3.69772e-06     9.08335e-04 
  150     3.36833e-04     1.74875e-04     1.25938e-03     1.37563e-06     7.37379e-04 
  160     4.39074e-04     1.74738e-04     1.04208e-03     6.86802e-07     7.91485e-04 
  170     5.97470e-04     3.16783e-04     1.16187e-03     2.14795e-05     1.01641e-03 
  180     3.07098e-04     1.97370e-04     1.32177e-03     5.48888e-07     6.90767e-04 
  190    -5.25666e-05     3.38461e-05     1.41089e-03    -3.18781e-04     4.42713e-04 
  200    -4.05220e-04    -7.50579e-05     1.43254e-03    -1.02861e-03     2.18293e-04 
  210    -2.85956e-04    -5.13267e-05     1.74863e-03    -8.94469e-04     3.40941e-04 
  220    -7.17353e-04    -2.74535e-04     2.01801e-03    -1.52465e-03     2.12574e-04 
  230    -1.14817e-03    -5.44771e-04     2.12971e-03    -2.08506e-03     3.25713e-05 
  240    -1.13659e-03    -3.73452e-04     2.93228e-03    -2.03983e-03     5.36008e-05 
  250    -7.30334e-04    -1.52628e-04     3.41789e-03    -1.45518e-03     4.07741e-04 
  260    -9.59671e-04    -2.67973e-04     3.57483e-03    -1.76734e-03     3.00730e-04 
  270    -6.29656e-04    -2.23698e-04     3.34995e-03    -1.65774e-03     4.79819e-04 
  280    -3.30886e-04    -1.58146e-04     2.97665e-03    -1.32998e-03     5.56143e-04 
  290     5.53345e-04    -2.71984e-05     2.91524e-03    -6.26914e-04     1.45279e-03 
  300     7.47316e-04     9.29598e-05     2.81279e-03    -5.14451e-04     1.99447e-03 
  310     8.38433e-04     2.08962e-04     3.27472e-03    -4.41499e-04     2.20088e-03 
  320     4.38199e-04     1.02675e-04     3.30461e-03    -6.35174e-04     2.07977e-03 
  330    -2.44240e-04    -1.14339e-04     3.05505e-03    -1.47319e-03     1.12866e-03 
  340    -5.63259e-04    -2.02076e-04     3.99242e-03    -1.86457e-03     1.15928e-03 
  350    -4.32054e-04    -2.33327e-04     3.33379e-03    -1.97420e-03     1.07167e-03 
  370     8.05443e-05    -1.06370e-04     3.38569e-03    -1.29658e-03     1.73773e-03 
