    0    -3.02481e-10     6.60097e-10     1.25412e-06    -4.32810e-07     4.32430e-07 
    1    -5.27518e-10    -5.51460e-10     4.97174e-08    -1.84245e-08     1.78869e-08 
    2    -3.50133e-10    -5.35234e-10     2.12865e-08    -8.98946e-09     8.47332e-09 
    3    -2.05385e-10    -4.43087e-10     1.39252e-08    -6.02838e-09     5.77968e-09 
    4    -1.14467e-10    -2.96418e-10     1.04346e-08    -4.48313e-09     4.41788e-09 
    5    -9.16124e-11    -1.35796e-10     8.30285e-09    -3.49323e-09     3.53582e-09 
    6    -1.62956e-10    -1.16583e-10     6.87801e-09    -2.94231e-09     2.88268e-09 
    7    -2.25199e-10    -1.55863e-10     5.80911e-09    -2.51832e-09     2.37637e-09 
    8    -2.37351e-10    -1.97671e-10     5.06350e-09    -2.17452e-09     2.03511e-09 
    9    -2.46494e-10    -2.29737e-10     4.52998e-09    -1.94872e-09     1.78033e-09 
   10    -2.52232e-10    -2.50907e-10     4.12538e-09    -1.80515e-09     1.57476e-09 
   20    -1.66064e-10    -2.26810e-10     2.87315e-09    -1.10682e-09     7.87367e-10 
   30    -4.21956e-10    -2.88643e-10     3.97741e-09    -1.25152e-09     6.84961e-10 
   40    -1.03120e-09    -4.42389e-10     1.20852e-08    -1.50881e-09     4.29477e-10 
   50    -5.02103e-09    -4.72456e-10     1.37502e-07    -1.59918e-09     8.25940e-10 
   60    -3.25813e-07    -7.32621e-11     5.13267e-06    -1.94823e-09     2.18627e-09 
   70     7.56118e-07     7.74866e-11     1.27324e-05    -1.09630e-08     5.63016e-09 
   80    -1.60344e-05     5.55852e-10     2.98496e-04    -2.16908e-08     5.72040e-08 
   90    -2.90132e-05    -1.99085e-08     1.64896e-04    -7.45692e-06     2.70442e-08 
  100     3.82439e-06    -4.20777e-08     4.11658e-04    -5.70431e-06     3.37700e-06 
  110     2.17923e-05     2.65957e-09     2.37915e-04    -3.65138e-06     3.55417e-05 
  120    -1.51116e-05    -1.61341e-09     5.32289e-04    -2.14039e-05     1.48784e-05 
  130    -1.48428e-05    -3.53821e-08     3.15381e-04    -4.38682e-05     1.48798e-05 
  140     3.39051e-06     2.10011e-06     1.70653e-04    -1.79192e-05     3.91482e-05 
  150    -1.56136e-05     7.06169e-07     1.82478e-04    -4.12713e-05     2.99930e-05 
  160    -8.01121e-06    -1.40189e-06     1.61539e-04    -4.95401e-05     2.08748e-05 
  170     9.01324e-06    -2.97757e-07     3.27365e-04    -3.28090e-05     3.41663e-05 
  180     3.05903e-05     1.39329e-06     2.36981e-04    -2.35623e-05     5.37853e-05 
  190    -1.24250e-05    -2.42173e-07     3.19751e-04    -3.38292e-05     4.46902e-05 
  200     5.07476e-06    -8.67043e-07     3.41566e-04    -4.29485e-05     4.71295e-05 
  210    -3.39495e-05    -4.47352e-06     2.70316e-04    -6.70046e-05     3.36094e-05 
  220    -3.10604e-05    -2.97128e-06     3.37189e-04    -6.16750e-05     4.75164e-05 
  230     2.13601e-05    -4.30996e-07     2.69980e-04    -5.49101e-05     8.80292e-05 
  240     7.64330e-05     1.82232e-07     4.84183e-04    -6.37063e-05     1.27155e-04 
  250     3.64219e-05    -1.04844e-06     3.85457e-04    -6.97022e-05     1.08410e-04 
  260    -2.77108e-05    -2.90849e-06     6.74107e-04    -8.79202e-05     1.04014e-04 
  270    -2.76890e-05    -7.88482e-06     4.52670e-04    -1.21158e-04     7.65423e-05 
  280     1.13010e-05    -4.57321e-06     3.93943e-04    -1.22520e-04     1.10889e-04 
  290     3.46112e-05    -1.63730e-07     3.32635e-04    -8.99701e-05     1.23235e-04 
  300     1.87049e-05     2.75956e-06     4.61638e-04    -6.85525e-05     1.20365e-04 
  310    -2.00775e-05    -1.38098e-07     6.10273e-04    -9.03447e-05     1.00727e-04 
  320    -8.44113e-06    -5.22861e-07     5.12564e-04    -1.07627e-04     1.06597e-04 
  330     5.95126e-07     1.96855e-06     4.30914e-04    -9.56404e-05     1.10228e-04 
  340     1.34748e-05    -1.31025e-06     5.15566e-04    -1.35455e-04     1.22578e-04 
  350    -2.57305e-05    -3.17347e-06     5.67556e-04    -1.49231e-04     1.16758e-04 
  370     3.68392e-06    -1.94264e-06     4.44905e-04    -1.44585e-04     1.39539e-04 
