    0     1.41759e+09     1.08658e+09     1.28550e+09     3.85894e+08     2.11378e+09 
    1     1.41793e+09     1.10616e+09     1.27550e+09     3.80015e+08     2.08137e+09 
    2     1.41609e+09     1.09209e+09     1.29071e+09     3.68459e+08     2.06820e+09 
    3     1.40426e+09     1.05187e+09     1.30953e+09     3.45844e+08     2.05216e+09 
    4     1.38774e+09     9.97171e+08     1.32769e+09     3.19161e+08     2.04648e+09 
    5     1.37719e+09     9.76748e+08     1.34684e+09     3.02965e+08     2.04272e+09 
    6     1.36926e+09     9.69779e+08     1.36560e+09     2.88504e+08     2.01720e+09 
    7     1.35787e+09     9.41984e+08     1.38152e+09     2.80976e+08     1.96339e+09 
    8     1.34996e+09     9.12165e+08     1.39607e+09     2.94411e+08     1.90945e+09 
    9     1.34749e+09     8.95337e+08     1.41279e+09     2.97603e+08     1.87523e+09 
   10     1.34252e+09     9.02850e+08     1.42761e+09     2.94249e+08     1.83640e+09 
   20     1.48259e+09     1.12825e+09     1.49263e+09     3.97780e+08     2.02056e+09 
   30     1.47737e+09     9.49669e+08     1.61492e+09     3.26142e+08     2.07507e+09 
   40     1.41332e+09     1.03300e+09     1.49012e+09     3.57990e+08     1.91440e+09 
   50     1.38205e+09     1.01019e+09     1.40092e+09     3.15003e+08     1.90834e+09 
   60     1.39512e+09     1.00494e+09     1.37997e+09     3.06631e+08     2.03036e+09 
   70     1.39549e+09     1.05182e+09     1.39315e+09     3.40084e+08     1.88696e+09 
   80     1.36010e+09     9.20857e+08     1.39915e+09     3.16062e+08     2.00065e+09 
   90     1.45714e+09     1.12245e+09     1.42224e+09     4.15653e+08     1.92570e+09 
  100     1.43600e+09     9.49574e+08     1.43497e+09     3.38147e+08     2.14633e+09 
  110     1.41057e+09     1.08253e+09     1.40275e+09     3.34379e+08     1.95728e+09 
  120     1.40977e+09     9.63587e+08     1.45152e+09     2.98895e+08     2.06299e+09 
  130     1.51140e+09     1.11694e+09     1.45357e+09     4.01438e+08     2.19149e+09 
  140     1.38798e+09     9.48141e+08     1.46587e+09     2.90393e+08     1.96207e+09 
  150     1.41826e+09     1.05507e+09     1.34985e+09     3.54288e+08     2.11913e+09 
  160     1.49757e+09     1.05008e+09     1.48323e+09     3.48540e+08     2.10039e+09 
  170     1.52321e+09     9.99139e+08     1.50794e+09     3.55816e+08     2.29104e+09 
  180     1.47708e+09     1.07781e+09     1.45967e+09     3.79400e+08     2.12895e+09 
  190     1.38118e+09     9.39750e+08     1.43301e+09     2.87203e+08     2.04957e+09 
  200     1.55995e+09     1.12997e+09     1.49909e+09     3.86138e+08     2.33871e+09 
  210     1.54668e+09     1.01618e+09     1.57858e+09     3.27531e+08     2.25859e+09 
  220     1.44997e+09     1.01527e+09     1.47590e+09     3.40098e+08     2.08424e+09 
  230     1.44081e+09     1.08339e+09     1.42195e+09     3.80732e+08     1.96419e+09 
  240     1.51711e+09     1.01910e+09     1.51267e+09     3.41979e+08     2.26528e+09 
  250     1.55110e+09     1.00448e+09     1.64932e+09     3.14360e+08     2.12450e+09 
  260     1.51614e+09     1.06861e+09     1.50265e+09     3.57642e+08     2.23328e+09 
  270     1.43941e+09     9.65104e+08     1.49243e+09     3.03542e+08     2.05646e+09 
  280     1.54427e+09     1.08680e+09     1.52094e+09     3.10044e+08     2.36899e+09 
  290     1.56970e+09     1.07086e+09     1.64199e+09     3.09017e+08     2.19476e+09 
  300     1.53998e+09     9.97518e+08     1.65820e+09     2.84058e+08     2.27745e+09 
  310     1.57999e+09     1.16302e+09     1.51251e+09     3.98181e+08     2.34219e+09 
  320     1.41172e+09     9.52625e+08     1.50226e+09     2.80102e+08     1.90787e+09 
  330     1.56708e+09     1.14996e+09     1.51581e+09     3.39278e+08     2.38820e+09 
  340     1.62433e+09     1.09912e+09     1.65376e+09     3.49716e+08     2.32310e+09 
  350     1.55248e+09     1.02514e+09     1.67796e+09     3.36163e+08     2.10379e+09 
  370     1.50965e+09     1.03822e+09     1.55317e+09     3.01327e+08     2.14111e+09 
