    0     1.74135e-12     1.88199e-13     4.29077e-12     2.49751e-14     1.53402e-12 
    1     3.25392e-15     5.01211e-16     1.11831e-14     8.60287e-17     2.08989e-15 
    2     5.51868e-16     1.00929e-16     1.88719e-15     1.83065e-17     3.91002e-16 
    3     2.06873e-16     3.98146e-17     7.51717e-16     7.47768e-18     1.49856e-16 
    4     1.06021e-16     2.08407e-17     4.15028e-16     4.11342e-18     7.74733e-17 
    5     6.47075e-17     1.25431e-17     2.66518e-16     2.56421e-18     4.73455e-17 
    6     4.40803e-17     8.76193e-18     1.86149e-16     1.81508e-18     3.21045e-17 
    7     3.13855e-17     6.60732e-18     1.36926e-16     1.38729e-18     2.22283e-17 
    8     2.38286e-17     5.14988e-18     1.05784e-16     1.09999e-18     1.65052e-17 
    9     1.90648e-17     4.16246e-18     8.57998e-17     8.76981e-19     1.32626e-17 
   10     1.56627e-17     3.40904e-18     7.36094e-17     7.01226e-19     1.10282e-17 
   20     7.02803e-18     9.03304e-19     4.98208e-17     1.42815e-19     3.85143e-18 
   30     1.59781e-17     9.31367e-19     7.65106e-16     1.67987e-19     3.87134e-18 
   40     8.78845e-17     1.35196e-18     2.62990e-15     2.58535e-19     6.37585e-18 
   50     6.14634e-15     2.10129e-18     2.84889e-13     3.53584e-19     1.25092e-17 
   60     9.05679e-12     7.33058e-18     8.83635e-10     7.13266e-19     1.49123e-16 
   70     9.43397e-11     1.51273e-16     5.42693e-09     3.31475e-18     3.58923e-14 
   80     6.28261e-08     7.57279e-15     3.58282e-06     3.19367e-17     2.01606e-12 
   90     2.30518e-08     1.66862e-12     2.19529e-07     5.38250e-16     1.94762e-10 
  100     9.92802e-08     3.55130e-11     3.26146e-06     1.18688e-13     3.49547e-09 
  110     5.87157e-08     2.89109e-10     6.39548e-07     8.15739e-13     1.09960e-08 
  120     1.64228e-07     6.16245e-10     2.25963e-06     5.83540e-12     1.36675e-08 
  130     1.03159e-07     1.00929e-09     6.48240e-07     2.15845e-11     1.94193e-08 
  140     9.82404e-08     2.36114e-09     4.76525e-07     4.98869e-11     2.73707e-08 
  150     8.28497e-08     3.63048e-09     5.79965e-07     8.64862e-11     3.94407e-08 
  160     6.80578e-08     4.31792e-09     3.66882e-07     2.06770e-10     3.53669e-08 
  170     6.95627e-08     5.07080e-09     5.01303e-07     2.67829e-10     3.54778e-08 
  180     1.24357e-07     6.09044e-09     2.26190e-06     3.79464e-10     3.32339e-08 
  190     1.22861e-07     1.43063e-08     2.28516e-06     9.15621e-10     7.28990e-08 
  200     1.54800e-07     1.60780e-08     1.43641e-06     1.43132e-09     9.53562e-08 
  210     1.44452e-07     1.46279e-08     4.98336e-07     1.16130e-09     1.09548e-07 
  220     2.56914e-07     2.44376e-08     1.37656e-06     1.69815e-09     1.58831e-07 
  230     2.84912e-07     3.06608e-08     8.81160e-07     1.84803e-09     2.31341e-07 
  240     4.50101e-07     3.47881e-08     3.15836e-06     1.78617e-09     2.55850e-07 
  250     1.03770e-06     3.46328e-08     7.34905e-06     1.82311e-09     2.43168e-07 
  260     1.02617e-06     4.87793e-08     5.73664e-06     2.52312e-09     3.80089e-07 
  270     5.59959e-07     5.26112e-08     4.29083e-06     3.29198e-09     3.49031e-07 
  280     4.61254e-07     4.27782e-08     1.85740e-06     2.71971e-09     2.80729e-07 
  290     5.10702e-07     4.99862e-08     1.95149e-06     3.14747e-09     3.10433e-07 
  300     3.52488e-07     4.47683e-08     2.63625e-06     3.94341e-09     2.41318e-07 
  310     7.02788e-07     5.13838e-08     7.28766e-06     4.20382e-09     3.00287e-07 
  320     5.19113e-07     6.01781e-08     4.47063e-06     4.67666e-09     3.62207e-07 
  330     5.89903e-07     8.39240e-08     2.64855e-06     7.02614e-09     4.14996e-07 
  340     6.40820e-07     9.89536e-08     4.14104e-06     8.20737e-09     4.79613e-07 
  350     6.70510e-07     8.82145e-08     3.25502e-06     8.01359e-09     4.17671e-07 
  370     5.71584e-07     7.47167e-08     2.47086e-06     8.27677e-09     3.80661e-07 
