    0     1.28604e-02     1.20469e-02     5.08681e-03     9.34771e-03     1.52075e-02 
    1     1.20621e-02     1.11910e-02     5.08405e-03     8.64820e-03     1.42677e-02 
    2     1.19082e-02     1.10090e-02     5.18632e-03     8.51822e-03     1.40205e-02 
    3     1.18590e-02     1.10265e-02     4.87472e-03     8.57708e-03     1.40664e-02 
    4     1.19023e-02     1.10645e-02     4.87147e-03     8.62924e-03     1.41280e-02 
    5     1.19013e-02     1.10669e-02     4.97924e-03     8.59952e-03     1.40754e-02 
    6     1.19201e-02     1.10527e-02     4.89361e-03     8.57583e-03     1.40819e-02 
    7     1.19777e-02     1.11674e-02     4.88929e-03     8.61924e-03     1.42053e-02 
    8     1.20185e-02     1.11162e-02     5.01961e-03     8.63676e-03     1.41909e-02 
    9     1.20030e-02     1.10676e-02     5.05950e-03     8.63957e-03     1.40792e-02 
   10     1.19770e-02     1.10699e-02     4.89551e-03     8.62310e-03     1.40720e-02 
   20     1.19891e-02     1.07395e-02     5.99012e-03     8.26778e-03     1.39347e-02 
   30     1.16378e-02     1.04714e-02     5.53309e-03     7.79498e-03     1.39852e-02 
   40     1.18472e-02     1.05671e-02     6.19077e-03     8.03101e-03     1.40363e-02 
   50     1.17050e-02     1.04749e-02     6.10193e-03     7.96040e-03     1.38086e-02 
   60     1.13348e-02     1.01571e-02     5.84955e-03     7.66895e-03     1.32199e-02 
   70     1.13267e-02     1.02062e-02     5.83690e-03     7.66867e-03     1.32487e-02 
   80     1.13947e-02     1.01175e-02     5.93107e-03     7.64082e-03     1.34694e-02 
   90     1.18355e-02     1.05594e-02     6.19305e-03     7.74082e-03     1.42412e-02 
  100     1.24458e-02     1.06488e-02     7.29753e-03     7.96199e-03     1.48772e-02 
  110     1.34522e-02     1.13830e-02     7.73207e-03     8.13446e-03     1.66357e-02 
  120     1.32561e-02     1.15007e-02     7.31289e-03     8.35916e-03     1.64154e-02 
  130     1.24521e-02     1.10013e-02     6.81328e-03     8.12864e-03     1.49657e-02 
  140     1.27073e-02     1.11532e-02     6.68500e-03     8.29128e-03     1.55360e-02 
  150     1.28656e-02     1.13067e-02     6.90344e-03     8.20397e-03     1.58965e-02 
  160     1.30963e-02     1.14847e-02     6.80616e-03     8.44719e-03     1.59966e-02 
  170     1.29690e-02     1.12247e-02     7.21573e-03     8.10584e-03     1.60662e-02 
  180     1.25326e-02     1.08556e-02     6.61431e-03     8.04573e-03     1.53072e-02 
  190     1.26298e-02     1.10141e-02     6.86037e-03     8.12336e-03     1.53707e-02 
  200     1.25156e-02     1.11656e-02     6.36347e-03     8.21214e-03     1.53918e-02 
  210     1.21271e-02     1.06191e-02     6.20162e-03     7.89529e-03     1.49142e-02 
  220     1.18698e-02     1.03577e-02     6.38874e-03     7.83404e-03     1.41187e-02 
  230     1.16810e-02     1.00594e-02     6.05850e-03     7.65284e-03     1.40427e-02 
  240     1.24760e-02     1.08680e-02     6.64243e-03     8.05207e-03     1.52178e-02 
  250     1.27785e-02     1.09995e-02     6.85110e-03     8.25352e-03     1.54808e-02 
  260     1.34506e-02     1.15290e-02     7.24061e-03     8.52900e-03     1.64568e-02 
  270     1.36409e-02     1.17654e-02     7.48448e-03     8.60308e-03     1.65880e-02 
  280     1.32001e-02     1.11662e-02     7.42144e-03     8.40333e-03     1.59142e-02 
  290     1.23051e-02     1.06271e-02     6.31934e-03     8.11264e-03     1.48432e-02 
  300     1.17739e-02     1.00408e-02     6.59564e-03     7.60312e-03     1.40505e-02 
  310     1.18445e-02     1.01207e-02     6.37156e-03     7.80678e-03     1.40117e-02 
  320     1.19276e-02     1.00504e-02     7.71977e-03     7.67838e-03     1.38967e-02 
  330     1.16164e-02     9.95035e-03     6.40162e-03     7.58901e-03     1.36966e-02 
  340     1.17370e-02     9.70486e-03     7.63195e-03     7.31179e-03     1.37596e-02 
  350     1.18709e-02     9.92990e-03     6.89630e-03     7.43144e-03     1.40592e-02 
  370     1.15752e-02     9.72574e-03     6.85781e-03     7.16788e-03     1.37515e-02 
