    0     1.03816e+05     8.74906e+04     6.44188e+04     5.05559e+04     1.48661e+05 
    1     1.03476e+05     8.69842e+04     6.39124e+04     5.10353e+04     1.48527e+05 
    2     1.02506e+05     8.62051e+04     6.32410e+04     5.11171e+04     1.45716e+05 
    3     1.02639e+05     8.72160e+04     6.34432e+04     5.07388e+04     1.44572e+05 
    4     1.02465e+05     8.83758e+04     6.25841e+04     5.10047e+04     1.43969e+05 
    5     1.01353e+05     8.76254e+04     6.15146e+04     5.12523e+04     1.41172e+05 
    6     1.00931e+05     8.64183e+04     6.16790e+04     5.07985e+04     1.40564e+05 
    7     1.01493e+05     8.63542e+04     6.23407e+04     5.05426e+04     1.41878e+05 
    8     1.01332e+05     8.61546e+04     6.22282e+04     5.03838e+04     1.41661e+05 
    9     1.00503e+05     8.49356e+04     6.18747e+04     5.02262e+04     1.40111e+05 
   10     1.00812e+05     8.49373e+04     6.23277e+04     5.03687e+04     1.40318e+05 
   20     9.62690e+04     7.91291e+04     6.03493e+04     4.86204e+04     1.32939e+05 
   30     9.30569e+04     7.54672e+04     6.03779e+04     4.52915e+04     1.30204e+05 
   40     9.12652e+04     7.40782e+04     5.90089e+04     4.50620e+04     1.25276e+05 
   50     8.71907e+04     6.99008e+04     5.67816e+04     4.34173e+04     1.19431e+05 
   60     8.61396e+04     6.92527e+04     5.70502e+04     4.13127e+04     1.19015e+05 
   70     8.31682e+04     6.55451e+04     5.58606e+04     4.07719e+04     1.12340e+05 
   80     8.10740e+04     6.39213e+04     5.44937e+04     3.95075e+04     1.09783e+05 
   90     7.94092e+04     6.29653e+04     5.44172e+04     3.83548e+04     1.06570e+05 
  100     7.77976e+04     6.19013e+04     5.32612e+04     3.82680e+04     1.03437e+05 
  110     7.56759e+04     5.95971e+04     5.34691e+04     3.57856e+04     1.01102e+05 
  120     7.61548e+04     5.91776e+04     5.43288e+04     3.54256e+04     1.01167e+05 
  130     7.59457e+04     5.88861e+04     5.38315e+04     3.67391e+04     9.96747e+04 
  140     7.62983e+04     5.88710e+04     5.40380e+04     3.78091e+04     9.82455e+04 
  150     7.39946e+04     5.72310e+04     5.29579e+04     3.57095e+04     9.59582e+04 
  160     7.52220e+04     5.68007e+04     5.54743e+04     3.51128e+04     9.93291e+04 
  170     7.26206e+04     5.51168e+04     5.40936e+04     3.52692e+04     9.16450e+04 
  180     7.16768e+04     5.41854e+04     5.42537e+04     3.37926e+04     9.11220e+04 
  190     7.18531e+04     5.42708e+04     5.50643e+04     3.24668e+04     9.22627e+04 
  200     7.24487e+04     5.61156e+04     5.40196e+04     3.39299e+04     9.23457e+04 
  210     7.01078e+04     5.34525e+04     5.28111e+04     3.23786e+04     9.03451e+04 
  220     6.82566e+04     5.14627e+04     5.24376e+04     3.17003e+04     8.63260e+04 
  230     6.81344e+04     5.02968e+04     5.29043e+04     3.12651e+04     8.70909e+04 
  240     6.78938e+04     5.21226e+04     5.04816e+04     3.28111e+04     8.61176e+04 
  250     6.49430e+04     4.78952e+04     5.05658e+04     3.07901e+04     8.08629e+04 
  260     6.35106e+04     4.68596e+04     4.95233e+04     2.99295e+04     8.04010e+04 
  270     6.43008e+04     4.72749e+04     5.12042e+04     2.93737e+04     8.05886e+04 
  280     6.40354e+04     4.79458e+04     5.06170e+04     3.00473e+04     7.97417e+04 
  290     6.38158e+04     4.75164e+04     5.05274e+04     3.05235e+04     7.75044e+04 
  300     6.24778e+04     4.65563e+04     4.89843e+04     2.95818e+04     7.71170e+04 
  310     6.16288e+04     4.55804e+04     4.88805e+04     2.88763e+04     7.61948e+04 
  320     6.14328e+04     4.63603e+04     4.82572e+04     2.90197e+04     7.56746e+04 
  330     5.90219e+04     4.32332e+04     4.81789e+04     2.70154e+04     7.25426e+04 
  340     5.88192e+04     4.30019e+04     4.80472e+04     2.73991e+04     7.18371e+04 
  350     5.77455e+04     4.26087e+04     4.71137e+04     2.75567e+04     6.87670e+04 
  370     5.59843e+04     3.97965e+04     4.71971e+04     2.58443e+04     6.69479e+04 
