    0     3.97329e+33     3.18444e+33     3.17222e+33     1.42523e+33     5.81563e+33 
    1     4.69053e+31     6.32147e+30     2.03601e+32     1.56962e+30     2.53246e+31 
    2     1.48794e+31     1.25570e+30     9.36855e+31     3.06120e+29     5.55221e+30 
    3     7.41252e+30     5.48212e+29     5.27167e+31     1.31073e+29     2.45071e+30 
    4     4.54801e+30     3.20926e+29     3.39105e+31     7.73626e+28     1.43446e+30 
    5     3.15169e+30     2.14119e+29     2.40440e+31     5.16186e+28     9.67526e+29 
    6     2.38706e+30     1.55946e+29     1.83499e+31     3.88339e+28     7.11068e+29 
    7     1.90000e+30     1.20326e+29     1.45693e+31     3.10453e+28     5.51849e+29 
    8     1.60033e+30     9.69897e+28     1.24656e+31     2.58733e+28     4.52281e+29 
    9     1.41496e+30     8.26463e+28     1.15373e+31     2.22105e+28     3.92305e+29 
   10     1.29975e+30     7.22052e+28     1.15627e+31     1.88459e+28     3.53258e+29 
   20     1.12830e+30     4.47048e+28     1.40781e+31     8.67498e+27     2.49770e+29 
   30     3.04995e+30     5.22938e+28     2.31861e+32     9.91726e+27     3.05133e+29 
   40     1.32244e+31     9.93951e+28     6.01963e+32     1.45502e+28     7.76173e+29 
   50     8.31685e+32     2.18204e+29     5.71745e+34     3.35885e+28     1.51722e+30 
   60     1.34639e+36     9.50389e+29     1.68001e+38     1.28908e+29     1.11693e+31 
   70     1.27583e+37     3.13355e+31     8.40691e+38     1.15935e+30     1.87863e+33 
   80     7.11253e+39     8.15053e+32     5.22363e+41     1.54122e+31     5.42761e+34 
   90     2.15302e+39     1.05919e+35     3.60366e+40     2.73654e+32     1.09616e+37 
  100     1.36180e+40     1.94380e+36     5.20954e+41     1.66899e+34     9.65702e+37 
  110     4.59479e+39     2.51289e+37     9.58195e+40     1.48335e+35     4.86321e+38 
  120     8.03870e+39     7.10242e+37     1.02851e+41     1.56226e+36     6.87282e+38 
  130     1.00840e+40     1.38946e+38     1.32685e+41     5.99794e+36     1.22498e+39 
  140     8.09563e+39     2.01487e+38     1.17823e+41     1.65033e+37     1.56596e+39 
  150     8.77801e+39     2.08311e+38     9.11676e+40     2.43654e+37     1.59514e+39 
  160     5.71180e+39     2.29604e+38     5.88077e+40     3.55768e+37     1.49242e+39 
  170     1.43467e+40     3.73496e+38     2.74215e+42     4.84320e+37     2.04956e+39 
  180     1.62730e+40     2.59603e+38     3.35167e+41     4.45992e+37     1.35084e+39 
  190     1.77509e+40     3.13012e+38     5.83361e+41     5.63596e+37     1.89181e+39 
  200     1.60979e+40     6.30154e+38     2.70626e+41     9.25375e+37     2.86821e+39 
  210     1.68515e+40     7.37831e+38     1.62312e+41     1.20147e+38     3.49917e+39 
  220     2.60918e+40     1.20894e+39     3.54753e+41     2.15135e+38     5.76375e+39 
  230     2.00621e+40     1.66370e+39     1.98140e+41     2.48622e+38     7.43704e+39 
  240     3.82576e+40     1.73222e+39     5.12560e+41     2.43903e+38     9.01572e+39 
  250     4.63155e+40     1.85758e+39     4.67585e+41     2.63066e+38     1.10480e+40 
  260     5.93587e+40     2.57797e+39     9.33826e+41     3.94474e+38     1.30678e+40 
  270     5.39731e+40     2.67047e+39     6.77952e+41     4.41902e+38     1.47303e+40 
  280     3.83041e+40     2.38933e+39     3.13575e+41     3.98273e+38     1.27295e+40 
  290     4.18463e+40     2.14203e+39     3.89614e+41     4.19872e+38     1.14152e+40 
  300     5.45084e+40     2.79783e+39     8.40076e+41     4.56913e+38     1.38765e+40 
  310     9.02356e+40     3.05978e+39     1.26342e+42     5.58555e+38     1.59522e+40 
  320     8.32007e+40     3.64857e+39     2.70399e+42     6.91419e+38     1.54711e+40 
  330     7.17408e+40     3.66430e+39     6.44516e+41     7.29319e+38     1.65757e+40 
  340     8.25724e+40     5.17425e+39     9.39203e+41     9.41975e+38     2.26396e+40 
  350     5.58368e+40     5.25262e+39     5.29062e+41     9.91758e+38     2.19024e+40 
  370     6.97776e+40     4.88259e+39     5.57171e+41     1.08333e+39     2.08906e+40 
