    0     2.18152e-14     1.02492e-14     3.04307e-14     2.57141e-15     2.98867e-14 
   10     2.27645e-14     1.01346e-14     3.18004e-14     2.49276e-15     3.06763e-14 
   20     2.28508e-14     1.02394e-14     3.38395e-14     2.60065e-15     2.92117e-14 
   30     2.37318e-14     1.08524e-14     3.24895e-14     2.62807e-15     3.07314e-14 
   40     2.52942e-14     1.08032e-14     3.80887e-14     2.60482e-15     3.22487e-14 
   50     2.41935e-14     1.09017e-14     3.29061e-14     2.66950e-15     3.22741e-14 
   60     2.54188e-14     1.11154e-14     3.62136e-14     2.66562e-15     3.29889e-14 
   70     2.58149e-14     1.18933e-14     3.71482e-14     2.77409e-15     3.47876e-14 
   80     2.82399e-14     1.20862e-14     4.12426e-14     2.79062e-15     3.58692e-14 
   90     3.03309e-14     1.24217e-14     4.64298e-14     2.90675e-15     3.76703e-14 
  100     2.89668e-14     1.21425e-14     3.98626e-14     2.83919e-15     3.76398e-14 
  110     2.93856e-14     1.26057e-14     3.97089e-14     2.85613e-15     3.89644e-14 
  120     2.90775e-14     1.18562e-14     4.55366e-14     2.72315e-15     3.65330e-14 
  130     2.65353e-14     1.24299e-14     3.54606e-14     2.91866e-15     3.57717e-14 
  140     2.84764e-14     1.22359e-14     3.96523e-14     2.73729e-15     3.69997e-14 
  150     3.17726e-14     1.26147e-14     4.87448e-14     2.97557e-15     3.92903e-14 
  160     2.91945e-14     1.19108e-14     4.10711e-14     2.72533e-15     3.77467e-14 
  170     3.14889e-14     1.31231e-14     4.44557e-14     3.12643e-15     4.09010e-14 
  180     3.17088e-14     1.19451e-14     4.70378e-14     2.76557e-15     4.09135e-14 
  190     2.75073e-14     1.19166e-14     3.77456e-14     3.01130e-15     3.60718e-14 
  200     2.76770e-14     1.16768e-14     4.09642e-14     2.82260e-15     3.55829e-14 
  210     2.83231e-14     1.16773e-14     4.18721e-14     2.91233e-15     3.51527e-14 
  220     2.58161e-14     1.14687e-14     3.49189e-14     2.87617e-15     3.50357e-14 
  230     2.60051e-14     1.17641e-14     3.65435e-14     2.94801e-15     3.36180e-14 
  240     2.51430e-14     1.10782e-14     3.44570e-14     2.78803e-15     3.21266e-14 
  250     3.03217e-14     1.18087e-14     4.86851e-14     2.96629e-15     3.51031e-14 
  260     2.41731e-14     1.04252e-14     3.99896e-14     2.71722e-15     2.95117e-14 
  270     2.15185e-14     1.01776e-14     2.98602e-14     2.76077e-15     2.74792e-14 
  280     2.16215e-14     1.04864e-14     2.95662e-14     2.84495e-15     2.80271e-14 
  290     2.00224e-14     1.00912e-14     2.58534e-14     2.72342e-15     2.69816e-14 
  300     2.24858e-14     1.05314e-14     3.22756e-14     2.94095e-15     2.85343e-14 
  310     2.08593e-14     1.04559e-14     2.66885e-14     2.81903e-15     2.85284e-14 
  320     2.13689e-14     1.06482e-14     2.84708e-14     2.80024e-15     2.92180e-14 
  330     2.16656e-14     1.03028e-14     2.98550e-14     2.75850e-15     2.79572e-14 
  340     2.21635e-14     9.74968e-15     3.30413e-14     2.70589e-15     2.72806e-14 
  350     2.41919e-14     1.06332e-14     3.68950e-14     2.77134e-15     3.02943e-14 
