    0     1.83576e+46     1.43800e+46     1.54624e+46     7.88674e+45     2.45721e+46 
   10     1.74620e+46     1.32751e+46     1.59357e+46     7.68731e+45     2.25324e+46 
   20     1.69081e+46     1.26994e+46     1.52592e+46     7.46413e+45     2.19788e+46 
   30     1.66787e+46     1.21401e+46     1.62998e+46     7.01183e+45     2.16396e+46 
   40     1.61626e+46     1.18343e+46     1.52140e+46     6.94199e+45     2.07746e+46 
   50     1.56252e+46     1.11496e+46     1.50874e+46     6.62616e+45     1.99523e+46 
   60     1.54267e+46     1.09450e+46     1.49981e+46     6.36383e+45     1.92583e+46 
   70     1.50606e+46     1.05333e+46     1.48241e+46     6.21051e+45     1.88445e+46 
   80     1.49312e+46     1.01260e+46     1.68802e+46     6.05418e+45     1.82365e+46 
   90     1.43738e+46     9.95148e+45     1.46569e+46     5.87979e+45     1.74675e+46 
  100     1.42282e+46     9.28357e+45     1.61293e+46     5.57353e+45     1.69040e+46 
  110     1.38773e+46     9.26458e+45     1.49436e+46     5.55002e+45     1.65181e+46 
  120     1.38399e+46     8.80057e+45     2.21567e+46     5.33319e+45     1.58044e+46 
  130     1.35119e+46     8.71901e+45     1.48251e+46     5.19702e+45     1.57232e+46 
  140     1.31987e+46     8.64037e+45     1.52755e+46     5.24116e+45     1.50852e+46 
  150     1.34095e+46     8.81641e+45     1.45477e+46     5.39269e+45     1.56521e+46 
  160     1.28720e+46     8.21470e+45     1.53363e+46     5.06442e+45     1.45571e+46 
  170     1.31471e+46     8.54443e+45     1.47531e+46     5.27972e+45     1.50005e+46 
  180     1.30087e+46     8.50650e+45     1.48203e+46     5.24366e+45     1.48517e+46 
  190     1.30035e+46     8.06497e+45     1.50642e+46     4.87504e+45     1.48182e+46 
  200     1.28688e+46     8.03734e+45     1.52944e+46     4.97238e+45     1.44263e+46 
  210     1.27836e+46     8.16683e+45     1.43583e+46     4.88360e+45     1.46084e+46 
  220     1.30199e+46     7.95680e+45     1.49679e+46     4.82764e+45     1.45952e+46 
  230     1.28729e+46     7.88269e+45     1.52035e+46     4.87907e+45     1.42223e+46 
  240     1.27240e+46     7.90837e+45     1.49980e+46     4.79827e+45     1.43401e+46 
  250     1.31943e+46     8.27421e+45     1.49471e+46     5.15745e+45     1.48761e+46 
  260     1.30423e+46     7.76844e+45     2.03259e+46     4.76288e+45     1.44430e+46 
  270     1.26623e+46     7.98151e+45     1.51132e+46     4.87366e+45     1.43499e+46 
  280     1.41068e+46     8.53877e+45     1.81445e+46     5.06685e+45     1.53853e+46 
  290     1.31686e+46     8.15152e+45     1.61994e+46     4.92159e+45     1.46011e+46 
  300     1.37677e+46     8.31283e+45     1.75294e+46     4.92798e+45     1.52097e+46 
  310     1.35797e+46     7.97950e+45     1.88942e+46     4.83184e+45     1.50308e+46 
  320     1.31244e+46     7.79739e+45     1.64079e+46     4.82987e+45     1.42723e+46 
  330     1.36424e+46     7.78769e+45     1.87749e+46     4.68964e+45     1.44256e+46 
  340     1.33945e+46     7.70348e+45     1.82875e+46     4.69256e+45     1.44319e+46 
  350     1.35069e+46     7.73682e+45     1.75493e+46     4.71227e+45     1.41783e+46 
