    0     1.49666e+09     1.12222e+09     1.41407e+09     4.08771e+08     2.17291e+09 
   10     1.42966e+09     9.28917e+08     1.54949e+09     2.94033e+08     1.93973e+09 
   20     1.55355e+09     1.18265e+09     1.56751e+09     4.23400e+08     2.06429e+09 
   30     1.50757e+09     9.94383e+08     1.59825e+09     3.42377e+08     2.11679e+09 
   40     1.45882e+09     1.08451e+09     1.46369e+09     4.03029e+08     1.94877e+09 
   50     1.45231e+09     1.05610e+09     1.46747e+09     3.60344e+08     1.97783e+09 
   60     1.48899e+09     1.06608e+09     1.50283e+09     3.47351e+08     2.11251e+09 
   70     1.47653e+09     1.06475e+09     1.50852e+09     3.70693e+08     1.97254e+09 
   80     1.42430e+09     9.88134e+08     1.51113e+09     2.96620e+08     2.02882e+09 
   90     1.47071e+09     1.08225e+09     1.47276e+09     3.76632e+08     2.00196e+09 
  100     1.51643e+09     1.04480e+09     1.52646e+09     3.56623e+08     2.23763e+09 
  110     1.46077e+09     1.05651e+09     1.51197e+09     3.75009e+08     1.89119e+09 
  120     1.50951e+09     1.08911e+09     1.52698e+09     3.67734e+08     2.14462e+09 
  130     1.55174e+09     1.11095e+09     1.57189e+09     3.56808e+08     2.19634e+09 
  140     1.52267e+09     1.04120e+09     1.56657e+09     3.26070e+08     2.16935e+09 
  150     1.44701e+09     1.04126e+09     1.48560e+09     3.22889e+08     2.05378e+09 
  160     1.58437e+09     1.13664e+09     1.54835e+09     4.12550e+08     2.20397e+09 
  170     1.56992e+09     1.08192e+09     1.56819e+09     3.57245e+08     2.31168e+09 
  180     1.55983e+09     1.12360e+09     1.61018e+09     3.50014e+08     2.11197e+09 
  190     1.47476e+09     1.04203e+09     1.49556e+09     3.11727e+08     2.13905e+09 
  200     1.57695e+09     1.12312e+09     1.57245e+09     3.26622e+08     2.35454e+09 
  210     1.58673e+09     1.06356e+09     1.64803e+09     3.65643e+08     2.20481e+09 
  220     1.56699e+09     1.08265e+09     1.59232e+09     3.28968e+08     2.34173e+09 
  230     1.51847e+09     1.07050e+09     1.56344e+09     3.51078e+08     2.11047e+09 
  240     1.59356e+09     1.14727e+09     1.58858e+09     3.14851e+08     2.36193e+09 
  250     1.60813e+09     1.14443e+09     1.62471e+09     3.67654e+08     2.28718e+09 
  260     1.58715e+09     1.05911e+09     1.67323e+09     3.26575e+08     2.22951e+09 
  270     1.66656e+09     1.15999e+09     1.62317e+09     3.52840e+08     2.62610e+09 
  280     1.62548e+09     1.08882e+09     1.67417e+09     3.60527e+08     2.28986e+09 
  290     1.59807e+09     1.10838e+09     1.62225e+09     3.29820e+08     2.37201e+09 
  300     1.63143e+09     1.13256e+09     1.63543e+09     4.25967e+08     2.24115e+09 
  310     1.62990e+09     1.10070e+09     1.62769e+09     3.61285e+08     2.47262e+09 
  320     1.65812e+09     1.15981e+09     1.67237e+09     3.94955e+08     2.28225e+09 
  330     1.60933e+09     1.13234e+09     1.61903e+09     3.45006e+08     2.36516e+09 
  340     1.68464e+09     1.20743e+09     1.68798e+09     4.08732e+08     2.34542e+09 
  350     1.69050e+09     1.13308e+09     1.72434e+09     3.55465e+08     2.53246e+09 
