    0     1.24991e+05     9.79090e+04     1.05279e+05     5.36985e+04     1.67304e+05 
   10     1.18894e+05     9.03864e+04     1.08502e+05     5.23406e+04     1.53417e+05 
   20     1.15122e+05     8.64666e+04     1.03895e+05     5.08210e+04     1.49647e+05 
   30     1.13560e+05     8.26580e+04     1.10981e+05     4.77414e+04     1.47337e+05 
   40     1.10046e+05     8.05760e+04     1.03587e+05     4.72659e+04     1.41448e+05 
   50     1.06387e+05     7.59144e+04     1.02726e+05     4.51155e+04     1.35850e+05 
   60     1.05035e+05     7.45214e+04     1.02117e+05     4.33295e+04     1.31124e+05 
   70     1.02543e+05     7.17178e+04     1.00933e+05     4.22855e+04     1.28307e+05 
   80     1.01662e+05     6.89451e+04     1.14932e+05     4.12211e+04     1.24167e+05 
   90     9.78669e+04     6.77566e+04     9.97947e+04     4.00337e+04     1.18931e+05 
  100     9.68758e+04     6.32091e+04     1.09820e+05     3.79485e+04     1.15094e+05 
  110     9.44866e+04     6.30798e+04     1.01747e+05     3.77885e+04     1.12467e+05 
  120     9.42316e+04     5.99205e+04     1.50858e+05     3.63121e+04     1.07607e+05 
  130     9.19984e+04     5.93651e+04     1.00940e+05     3.53850e+04     1.07055e+05 
  140     8.98660e+04     5.88297e+04     1.04006e+05     3.56855e+04     1.02711e+05 
  150     9.13013e+04     6.00283e+04     9.90510e+04     3.67172e+04     1.06571e+05 
  160     8.76415e+04     5.59315e+04     1.04420e+05     3.44821e+04     9.91148e+04 
  170     8.95149e+04     5.81765e+04     1.00449e+05     3.59480e+04     1.02134e+05 
  180     8.85721e+04     5.79182e+04     1.00907e+05     3.57026e+04     1.01121e+05 
  190     8.85369e+04     5.49120e+04     1.02568e+05     3.31927e+04     1.00893e+05 
  200     8.76196e+04     5.47239e+04     1.04135e+05     3.38554e+04     9.82247e+04 
  210     8.70399e+04     5.56055e+04     9.77616e+04     3.32510e+04     9.94643e+04 
  220     8.86487e+04     5.41755e+04     1.01912e+05     3.28700e+04     9.93745e+04 
  230     8.76480e+04     5.36709e+04     1.03516e+05     3.32202e+04     9.68351e+04 
  240     8.66337e+04     5.38457e+04     1.02117e+05     3.26700e+04     9.76375e+04 
  250     8.98364e+04     5.63367e+04     1.01770e+05     3.51155e+04     1.01287e+05 
  260     8.88014e+04     5.28930e+04     1.38393e+05     3.24291e+04     9.83383e+04 
  270     8.62137e+04     5.43438e+04     1.02902e+05     3.31833e+04     9.77043e+04 
  280     9.60489e+04     5.81379e+04     1.23541e+05     3.44987e+04     1.04754e+05 
  290     8.96612e+04     5.55013e+04     1.10297e+05     3.35096e+04     9.94149e+04 
  300     9.37404e+04     5.65996e+04     1.19353e+05     3.35532e+04     1.03559e+05 
  310     9.24603e+04     5.43300e+04     1.28645e+05     3.28986e+04     1.02340e+05 
  320     8.93605e+04     5.30902e+04     1.11717e+05     3.28852e+04     9.71756e+04 
  330     9.28871e+04     5.30241e+04     1.27833e+05     3.19304e+04     9.82194e+04 
  340     9.11991e+04     5.24507e+04     1.24514e+05     3.19503e+04     9.82623e+04 
  350     9.19647e+04     5.26777e+04     1.19488e+05     3.20845e+04     9.65360e+04 
