    0     1.38495e-02     1.25520e-02     7.16196e-03     9.60596e-03     1.60230e-02 
   10     1.24837e-02     1.11583e-02     6.73248e-03     8.59180e-03     1.43743e-02 
   20     1.25713e-02     1.08676e-02     7.75462e-03     8.24164e-03     1.43485e-02 
   30     1.21220e-02     1.06333e-02     7.15707e-03     7.78352e-03     1.44041e-02 
   40     1.26748e-02     1.08165e-02     8.60814e-03     8.07183e-03     1.47377e-02 
   50     1.24380e-02     1.07214e-02     7.65919e-03     8.09255e-03     1.44221e-02 
   60     1.22168e-02     1.06116e-02     7.26962e-03     7.96388e-03     1.38920e-02 
   70     1.18552e-02     1.04168e-02     6.72264e-03     7.77976e-03     1.37969e-02 
   80     1.18229e-02     1.01786e-02     7.33788e-03     7.59080e-03     1.37743e-02 
   90     1.17461e-02     1.03487e-02     6.35773e-03     7.66065e-03     1.39857e-02 
  100     1.20352e-02     1.02242e-02     7.81237e-03     7.61104e-03     1.38200e-02 
  110     1.27482e-02     1.10932e-02     7.04765e-03     8.15296e-03     1.52525e-02 
  120     1.30948e-02     1.10867e-02     9.30333e-03     7.99857e-03     1.54012e-02 
  130     1.28068e-02     1.12216e-02     7.05929e-03     8.16889e-03     1.53090e-02 
  140     1.27534e-02     1.08035e-02     8.32694e-03     7.84124e-03     1.51390e-02 
  150     1.24951e-02     1.07537e-02     7.48194e-03     7.87518e-03     1.49986e-02 
  160     1.21507e-02     1.02946e-02     7.61181e-03     7.63980e-03     1.43879e-02 
  170     1.31005e-02     1.12273e-02     7.47444e-03     8.18195e-03     1.59444e-02 
  180     1.31622e-02     1.11648e-02     7.83151e-03     8.18930e-03     1.59230e-02 
  190     1.37083e-02     1.12760e-02     8.20010e-03     8.09382e-03     1.66395e-02 
  200     1.35038e-02     1.12134e-02     8.50677e-03     8.22216e-03     1.63431e-02 
  210     1.34131e-02     1.15469e-02     7.42133e-03     8.35852e-03     1.64776e-02 
  220     1.38121e-02     1.15791e-02     8.64132e-03     8.28037e-03     1.66853e-02 
  230     1.32395e-02     1.12010e-02     7.49203e-03     8.15065e-03     1.62037e-02 
  240     1.31809e-02     1.11889e-02     8.32607e-03     8.10072e-03     1.58545e-02 
  250     1.33734e-02     1.15639e-02     7.52778e-03     8.34363e-03     1.62605e-02 
  260     1.39614e-02     1.10491e-02     1.09262e-02     7.84196e-03     1.64488e-02 
  270     1.42621e-02     1.18061e-02     9.62461e-03     8.46724e-03     1.71131e-02 
  280     1.44914e-02     1.16923e-02     1.03717e-02     8.42110e-03     1.69098e-02 
  290     1.32433e-02     1.09663e-02     8.70983e-03     8.12184e-03     1.55967e-02 
  300     1.30868e-02     1.05615e-02     9.62741e-03     7.68902e-03     1.53236e-02 
  310     1.33389e-02     1.07898e-02     1.00440e-02     7.82660e-03     1.56277e-02 
  320     1.26789e-02     1.03640e-02     8.16711e-03     7.65749e-03     1.51260e-02 
  330     1.30391e-02     1.03646e-02     9.20027e-03     7.57450e-03     1.54162e-02 
  340     1.27412e-02     1.03465e-02     8.65194e-03     7.50779e-03     1.52486e-02 
  350     1.24647e-02     1.00616e-02     8.02230e-03     7.38394e-03     1.47815e-02 
