    0     1.28604e-02     1.20469e-02     5.08681e-03     9.34771e-03     1.52075e-02 
   10     1.17461e-02     1.08792e-02     4.72310e-03     8.47386e-03     1.38258e-02 
   20     1.16902e-02     1.05111e-02     5.69536e-03     8.08770e-03     1.36273e-02 
   30     1.12873e-02     1.02139e-02     5.21832e-03     7.61109e-03     1.36129e-02 
   40     1.17239e-02     1.04522e-02     6.12482e-03     7.92036e-03     1.39006e-02 
   50     1.16144e-02     1.03734e-02     5.94079e-03     7.93437e-03     1.36766e-02 
   60     1.13320e-02     1.02792e-02     5.44409e-03     7.81574e-03     1.32353e-02 
   70     1.10795e-02     1.00485e-02     5.40280e-03     7.60992e-03     1.30164e-02 
   80     1.09377e-02     9.84218e-03     5.28097e-03     7.45016e-03     1.30376e-02 
   90     1.10398e-02     9.95568e-03     5.37764e-03     7.49744e-03     1.32116e-02 
  100     1.12126e-02     9.90374e-03     6.11929e-03     7.47250e-03     1.31504e-02 
  110     1.20596e-02     1.06788e-02     6.16735e-03     7.96899e-03     1.45400e-02 
  120     1.21531e-02     1.07499e-02     6.50145e-03     7.86718e-03     1.47664e-02 
  130     1.20575e-02     1.08288e-02     5.94254e-03     7.97620e-03     1.45897e-02 
  140     1.20196e-02     1.05253e-02     6.20327e-03     7.76582e-03     1.45040e-02 
  150     1.16928e-02     1.03601e-02     5.91625e-03     7.70174e-03     1.41184e-02 
  160     1.15339e-02     1.01505e-02     5.95598e-03     7.59179e-03     1.38642e-02 
  170     1.24044e-02     1.08178e-02     6.49796e-03     8.01473e-03     1.51813e-02 
  180     1.27144e-02     1.10062e-02     6.86050e-03     8.13723e-03     1.55827e-02 
  190     1.28647e-02     1.08209e-02     7.16874e-03     7.89492e-03     1.56401e-02 
  200     1.27038e-02     1.09607e-02     6.53769e-03     8.12716e-03     1.56899e-02 
  210     1.26981e-02     1.11324e-02     6.38049e-03     8.17736e-03     1.56889e-02 
  220     1.27718e-02     1.10972e-02     6.72737e-03     8.10916e-03     1.56639e-02 
  230     1.24187e-02     1.07958e-02     6.29555e-03     7.98467e-03     1.53205e-02 
  240     1.23610e-02     1.08855e-02     6.30583e-03     7.97740e-03     1.50862e-02 
  250     1.25878e-02     1.11135e-02     6.42138e-03     8.13301e-03     1.53615e-02 
  260     1.28814e-02     1.07355e-02     8.00913e-03     7.74175e-03     1.56359e-02 
  270     1.36585e-02     1.15147e-02     8.23630e-03     8.34558e-03     1.65293e-02 
  280     1.30603e-02     1.11430e-02     7.74899e-03     8.17669e-03     1.56021e-02 
  290     1.23667e-02     1.06272e-02     7.14741e-03     7.99220e-03     1.47321e-02 
  300     1.18988e-02     1.01292e-02     6.92204e-03     7.52959e-03     1.42412e-02 
  310     1.18999e-02     1.02596e-02     6.83238e-03     7.60726e-03     1.42738e-02 
  320     1.16968e-02     9.90769e-03     6.70701e-03     7.50529e-03     1.40412e-02 
  330     1.16345e-02     9.83850e-03     6.77941e-03     7.38300e-03     1.39412e-02 
  340     1.15190e-02     9.88653e-03     6.28153e-03     7.35276e-03     1.40290e-02 
  350     1.12252e-02     9.55594e-03     6.06433e-03     7.19453e-03     1.34838e-02 
