    0     1.52476e+46     1.28498e+46     9.46124e+45     7.42518e+45     2.18339e+46 
   10     1.48169e+46     1.24865e+46     9.15261e+45     7.41269e+45     2.06132e+46 
   20     1.41413e+46     1.16206e+46     8.86081e+45     7.15382e+45     1.95184e+46 
   30     1.36950e+46     1.11033e+46     8.88880e+45     6.67124e+45     1.91142e+46 
   40     1.33688e+46     1.08869e+46     8.59229e+45     6.63944e+45     1.83096e+46 
   50     1.28229e+46     1.03120e+46     8.33883e+45     6.35418e+45     1.75977e+46 
   60     1.25423e+46     1.00763e+46     8.29498e+45     6.10532e+45     1.71753e+46 
   70     1.22234e+46     9.68876e+45     8.16177e+45     5.95264e+45     1.65193e+46 
   80     1.19292e+46     9.43448e+45     7.99170e+45     5.85129e+45     1.60913e+46 
   90     1.15798e+46     9.21437e+45     7.82186e+45     5.67236e+45     1.55273e+46 
  100     1.11895e+46     8.63246e+45     7.80799e+45     5.39112e+45     1.48647e+46 
  110     1.10332e+46     8.60727e+45     7.69590e+45     5.35006e+45     1.45437e+46 
  120     1.07718e+46     8.31577e+45     7.60910e+45     5.20325e+45     1.41771e+46 
  130     1.06074e+46     8.10845e+45     7.74105e+45     5.02349e+45     1.36749e+46 
  140     1.06387e+46     8.25855e+45     7.59817e+45     5.15213e+45     1.37240e+46 
  150     1.05947e+46     8.19366e+45     7.69310e+45     5.17623e+45     1.34554e+46 
  160     1.03990e+46     7.88724e+45     7.67398e+45     4.98638e+45     1.33056e+46 
  170     1.04203e+46     7.99675e+45     7.60451e+45     5.10628e+45     1.32362e+46 
  180     1.06069e+46     8.22045e+45     7.67342e+45     5.16802e+45     1.35873e+46 
  190     1.01141e+46     7.50401e+45     7.76286e+45     4.70212e+45     1.29286e+46 
  200     1.02449e+46     7.70733e+45     7.76412e+45     4.87563e+45     1.29420e+46 
  210     1.01755e+46     7.66743e+45     7.82584e+45     4.71292e+45     1.27870e+46 
  220     1.00858e+46     7.47148e+45     7.81882e+45     4.70139e+45     1.25997e+46 
  230     1.00868e+46     7.41835e+45     7.85957e+45     4.73340e+45     1.25567e+46 
  240     1.00739e+46     7.47651e+45     7.82173e+45     4.67220e+45     1.26176e+46 
  250     1.03506e+46     7.74252e+45     7.87693e+45     4.97703e+45     1.29961e+46 
  260     1.00847e+46     7.40477e+45     7.86756e+45     4.67543e+45     1.27124e+46 
  270     1.00715e+46     7.61564e+45     7.72361e+45     4.76985e+45     1.26770e+46 
  280     1.02915e+46     7.88334e+45     7.81573e+45     4.83382e+45     1.30496e+46 
  290     1.02094e+46     7.67084e+45     7.85624e+45     4.78804e+45     1.28151e+46 
  300     1.03864e+46     7.74088e+45     8.10041e+45     4.73683e+45     1.31480e+46 
  310     1.00159e+46     7.34824e+45     7.84642e+45     4.62742e+45     1.25021e+46 
  320     9.87925e+45     7.30516e+45     7.70010e+45     4.65696e+45     1.22455e+46 
  330     9.65630e+45     7.16566e+45     7.60954e+45     4.48625e+45     1.19819e+46 
  340     9.71243e+45     7.12507e+45     7.75719e+45     4.50458e+45     1.19563e+46 
  350     9.68530e+45     7.15489e+45     7.78519e+45     4.50656e+45     1.18235e+46 
