    0     1.41759e+09     1.08658e+09     1.28550e+09     3.85894e+08     2.11378e+09 
   10     1.33768e+09     8.59500e+08     1.44048e+09     2.82068e+08     1.81943e+09 
   20     1.48210e+09     1.12529e+09     1.50032e+09     3.91678e+08     2.01024e+09 
   30     1.48013e+09     9.50886e+08     1.61311e+09     3.30197e+08     2.08179e+09 
   40     1.41572e+09     1.04582e+09     1.48064e+09     3.71744e+08     1.89013e+09 
   50     1.38754e+09     1.02125e+09     1.40367e+09     3.29587e+08     1.90653e+09 
   60     1.40598e+09     1.01668e+09     1.38190e+09     3.28667e+08     2.03059e+09 
   70     1.40394e+09     1.03187e+09     1.40659e+09     3.46963e+08     1.90841e+09 
   80     1.34718e+09     9.40975e+08     1.40299e+09     2.85997e+08     1.94784e+09 
   90     1.41387e+09     1.05570e+09     1.40335e+09     3.56941e+08     1.95320e+09 
  100     1.44334e+09     9.95078e+08     1.42308e+09     3.57041e+08     2.15163e+09 
  110     1.39454e+09     1.03081e+09     1.42078e+09     3.59817e+08     1.83040e+09 
  120     1.40497e+09     1.03622e+09     1.41409e+09     3.13409e+08     2.02389e+09 
  130     1.47302e+09     1.06592e+09     1.48043e+09     3.20264e+08     2.12843e+09 
  140     1.39931e+09     9.33500e+08     1.45144e+09     2.80822e+08     2.05338e+09 
  150     1.36098e+09     9.84717e+08     1.37240e+09     3.08933e+08     1.96352e+09 
  160     1.45784e+09     1.01951e+09     1.43636e+09     3.76033e+08     2.09134e+09 
  170     1.50215e+09     1.04647e+09     1.48198e+09     3.43443e+08     2.23684e+09 
  180     1.42824e+09     9.99275e+08     1.50356e+09     2.89346e+08     1.96669e+09 
  190     1.40358e+09     9.98169e+08     1.39245e+09     2.93788e+08     2.08510e+09 
  200     1.47361e+09     1.01934e+09     1.44948e+09     3.23896e+08     2.23632e+09 
  210     1.51457e+09     1.02434e+09     1.56658e+09     3.34644e+08     2.13251e+09 
  220     1.49886e+09     1.02374e+09     1.51012e+09     3.28015e+08     2.25978e+09 
  230     1.43258e+09     1.02825e+09     1.46688e+09     3.12803e+08     2.02191e+09 
  240     1.49218e+09     1.04889e+09     1.47357e+09     2.96786e+08     2.24685e+09 
  250     1.53991e+09     1.11258e+09     1.54017e+09     3.37565e+08     2.22893e+09 
  260     1.47928e+09     9.45001e+08     1.58872e+09     2.87349e+08     2.11975e+09 
  270     1.58005e+09     1.06666e+09     1.53320e+09     3.43623e+08     2.53859e+09 
  280     1.57536e+09     1.06264e+09     1.61212e+09     3.34729e+08     2.24897e+09 
  290     1.51395e+09     1.03404e+09     1.53876e+09     3.17495e+08     2.27780e+09 
  300     1.56812e+09     1.08887e+09     1.58293e+09     3.89069e+08     2.15868e+09 
  310     1.59623e+09     1.08864e+09     1.57050e+09     3.58241e+08     2.45308e+09 
  320     1.59846e+09     1.13279e+09     1.60989e+09     3.61316e+08     2.21207e+09 
  330     1.55817e+09     1.10713e+09     1.53590e+09     3.44625e+08     2.33693e+09 
  340     1.60859e+09     1.16597e+09     1.62415e+09     3.53936e+08     2.26849e+09 
  350     1.66015e+09     1.11008e+09     1.69137e+09     3.52708e+08     2.51266e+09 
