    0     1.03816e+05     8.74906e+04     6.44188e+04     5.05559e+04     1.48661e+05 
   10     1.00884e+05     8.50166e+04     6.23174e+04     5.04708e+04     1.40349e+05 
   20     9.62841e+04     7.91212e+04     6.03307e+04     4.87083e+04     1.32895e+05 
   30     9.32454e+04     7.55992e+04     6.05212e+04     4.54225e+04     1.30143e+05 
   40     9.10240e+04     7.41257e+04     5.85023e+04     4.52060e+04     1.24664e+05 
   50     8.73070e+04     7.02113e+04     5.67766e+04     4.32638e+04     1.19817e+05 
   60     8.53970e+04     6.86066e+04     5.64780e+04     4.15693e+04     1.16942e+05 
   70     8.32257e+04     6.59679e+04     5.55711e+04     4.05298e+04     1.12475e+05 
   80     8.12222e+04     6.42366e+04     5.44131e+04     3.98397e+04     1.09561e+05 
   90     7.88436e+04     6.27379e+04     5.32567e+04     3.86214e+04     1.05721e+05 
  100     7.61859e+04     5.87759e+04     5.31623e+04     3.67065e+04     1.01210e+05 
  110     7.51219e+04     5.86043e+04     5.23991e+04     3.64270e+04     9.90240e+04 
  120     7.33417e+04     5.66196e+04     5.18081e+04     3.54274e+04     9.65275e+04 
  130     7.22225e+04     5.52081e+04     5.27065e+04     3.42035e+04     9.31083e+04 
  140     7.24355e+04     5.62300e+04     5.17337e+04     3.50794e+04     9.34426e+04 
  150     7.21361e+04     5.57882e+04     5.23800e+04     3.52434e+04     9.16140e+04 
  160     7.08038e+04     5.37019e+04     5.22498e+04     3.39508e+04     9.05936e+04 
  170     7.09490e+04     5.44475e+04     5.17768e+04     3.47672e+04     9.01216e+04 
  180     7.22196e+04     5.59706e+04     5.22461e+04     3.51875e+04     9.25118e+04 
  190     6.88637e+04     5.10926e+04     5.28550e+04     3.20153e+04     8.80269e+04 
  200     6.97547e+04     5.24769e+04     5.28636e+04     3.31967e+04     8.81179e+04 
  210     6.92822e+04     5.22052e+04     5.32838e+04     3.20889e+04     8.70630e+04 
  220     6.86710e+04     5.08711e+04     5.32360e+04     3.20104e+04     8.57879e+04 
  230     6.86777e+04     5.05094e+04     5.35135e+04     3.22283e+04     8.54948e+04 
  240     6.85904e+04     5.09053e+04     5.32558e+04     3.18116e+04     8.59098e+04 
  250     7.04740e+04     5.27165e+04     5.36317e+04     3.38871e+04     8.84865e+04 
  260     6.86639e+04     5.04169e+04     5.35679e+04     3.18336e+04     8.65547e+04 
  270     6.85740e+04     5.18526e+04     5.25878e+04     3.24765e+04     8.63139e+04 
  280     7.00720e+04     5.36754e+04     5.32150e+04     3.29120e+04     8.88508e+04 
  290     6.95126e+04     5.22285e+04     5.34908e+04     3.26004e+04     8.72541e+04 
  300     7.07182e+04     5.27053e+04     5.51533e+04     3.22517e+04     8.95211e+04 
  310     6.81950e+04     5.00320e+04     5.34240e+04     3.15067e+04     8.51231e+04 
  320     6.72649e+04     4.97387e+04     5.24277e+04     3.17078e+04     8.33757e+04 
  330     6.57469e+04     4.87889e+04     5.18111e+04     3.05455e+04     8.15814e+04 
  340     6.61290e+04     4.85125e+04     5.28164e+04     3.06704e+04     8.14072e+04 
  350     6.59443e+04     4.87155e+04     5.30071e+04     3.06839e+04     8.05025e+04 
