    0     2.40515e-14     1.28410e-14     3.11556e-14     3.80476e-15     3.32275e-14 
   10     2.54169e-14     1.31273e-14     3.27670e-14     3.83282e-15     3.49309e-14 
   20     2.54777e-14     1.28900e-14     3.47653e-14     3.90321e-15     3.33966e-14 
   30     2.57694e-14     1.31814e-14     3.29950e-14     3.86723e-15     3.38343e-14 
   40     2.74318e-14     1.31510e-14     3.89203e-14     3.86979e-15     3.51293e-14 
   50     2.64036e-14     1.31440e-14     3.39160e-14     3.86478e-15     3.55978e-14 
   60     2.80757e-14     1.37390e-14     3.73007e-14     4.14915e-15     3.68186e-14 
   70     2.77676e-14     1.40880e-14     3.77802e-14     4.09002e-15     3.76952e-14 
   80     3.04124e-14     1.46026e-14     4.17797e-14     4.31919e-15     3.89795e-14 
   90     3.25666e-14     1.45880e-14     4.73129e-14     4.35023e-15     4.09467e-14 
  100     3.16568e-14     1.48306e-14     4.09349e-14     4.35639e-15     4.18032e-14 
  110     3.15493e-14     1.49313e-14     4.02661e-14     4.26534e-15     4.25251e-14 
  120     3.17853e-14     1.49312e-14     4.61630e-14     4.41830e-15     4.08208e-14 
  130     2.85917e-14     1.48491e-14     3.58858e-14     4.42443e-15     3.85416e-14 
  140     3.14911e-14     1.55956e-14     4.03243e-14     4.49868e-15     4.18246e-14 
  150     3.42075e-14     1.51424e-14     4.94816e-14     4.61901e-15     4.28028e-14 
  160     3.24527e-14     1.54811e-14     4.17806e-14     4.48359e-15     4.37669e-14 
  170     3.38593e-14     1.57502e-14     4.50531e-14     4.73377e-15     4.43358e-14 
  180     3.53666e-14     1.55848e-14     4.85166e-14     4.39786e-15     4.67829e-14 
  190     2.95484e-14     1.41896e-14     3.82537e-14     4.44802e-15     3.89181e-14 
  200     3.05790e-14     1.47138e-14     4.16183e-14     4.43010e-15     4.05330e-14 
  210     3.05151e-14     1.39786e-14     4.24835e-14     4.30201e-15     3.83485e-14 
  220     2.87266e-14     1.44650e-14     3.60120e-14     4.26675e-15     3.97010e-14 
  230     2.82642e-14     1.42671e-14     3.70671e-14     4.49371e-15     3.67941e-14 
  240     2.79904e-14     1.39580e-14     3.53901e-14     4.26788e-15     3.66137e-14 
  250     3.28700e-14     1.42684e-14     4.96822e-14     4.29512e-15     3.89555e-14 
  260     2.78545e-14     1.34168e-14     4.21284e-14     4.24994e-15     3.45157e-14 
  270     2.40687e-14     1.24134e-14     3.12540e-14     4.08636e-15     3.10405e-14 
  280     2.36160e-14     1.26157e-14     3.01643e-14     4.14950e-15     3.08373e-14 
  290     2.21402e-14     1.23245e-14     2.67395e-14     4.04359e-15     2.98327e-14 
  300     2.44620e-14     1.26595e-14     3.28315e-14     4.26911e-15     3.12237e-14 
  310     2.26109e-14     1.23802e-14     2.71153e-14     4.11406e-15     3.09024e-14 
  320     2.31758e-14     1.28069e-14     2.88499e-14     4.16503e-15     3.18120e-14 
  330     2.39539e-14     1.27650e-14     3.05196e-14     4.22224e-15     3.12115e-14 
  340     2.45447e-14     1.18839e-14     3.40016e-14     4.09594e-15     3.06874e-14 
  350     2.64264e-14     1.31080e-14     3.76498e-14     4.34018e-15     3.32473e-14 
