    0    -3.28834e-10     5.86443e-10     1.22800e-06 
    1    -5.17977e-10    -5.42724e-10     5.04376e-08 
    2    -3.34345e-10    -5.27159e-10     2.27833e-08 
    3    -1.95422e-10    -4.39835e-10     1.54368e-08 
    4    -1.05323e-10    -2.93281e-10     1.19512e-08 
    5    -7.64925e-11    -1.32444e-10     9.80274e-09 
    6    -1.36492e-10    -1.11453e-10     8.40373e-09 
    7    -1.90478e-10    -1.49844e-10     7.42211e-09 
    8    -2.06973e-10    -1.90812e-10     6.74789e-09 
    9    -2.20315e-10    -2.22955e-10     6.31482e-09 
   10    -2.24373e-10    -2.44270e-10     5.95760e-09 
   20    -1.49660e-10    -2.20425e-10     4.60271e-09 
   30    -3.92264e-10    -2.82531e-10     5.12288e-09 
   40    -9.80594e-10    -4.36001e-10     1.31645e-08 
   50    -4.74940e-09    -4.60798e-10     1.36148e-07 
   60    -3.13412e-07    -6.39393e-11     5.03421e-06 
   70     7.23466e-07     8.29324e-11     1.32569e-05 
   80    -1.56670e-05     5.70445e-10     3.05870e-04 
   90    -2.82526e-05    -1.35227e-08     1.64001e-04 
  100     3.70672e-06    -2.68858e-08     4.04889e-04 
  110     2.09549e-05     1.43944e-09     2.35060e-04 
  120    -1.42874e-05    -2.63469e-09     5.24419e-04 
  130    -1.46415e-05    -2.03939e-08     3.24453e-04 
  140     3.31282e-06     1.29858e-06     1.86416e-04 
  150    -1.50087e-05     3.98374e-07     1.83863e-04 
  160    -7.67981e-06    -9.04689e-07     1.65085e-04 
  170     1.00514e-05    -1.97398e-07     6.51685e-04 
  180     3.07889e-05     7.02294e-07     2.65799e-04 
  190    -1.21799e-05    -1.53714e-07     3.35696e-04 
  200     6.24702e-06    -4.55154e-07     3.89044e-04 
  210    -3.26347e-05    -3.29348e-06     2.94608e-04 
  220    -3.04648e-05    -2.03792e-06     3.57072e-04 
  230     2.04758e-05    -2.29670e-07     2.74062e-04 
  240     7.38459e-05     4.82275e-08     5.17329e-04 
  250     3.49505e-05    -6.81077e-07     3.88466e-04 
  260    -2.89573e-05    -2.10376e-06     6.94193e-04 
  270    -2.71282e-05    -5.97505e-06     4.76749e-04 
  280     1.03428e-05    -3.42390e-06     4.14569e-04 
  290     3.33792e-05    -3.19513e-07     3.59555e-04 
  300     1.80557e-05     1.51566e-06     5.10214e-04 
  310    -1.77588e-05    -3.01067e-07     6.40476e-04 
  320    -7.58370e-06    -5.54577e-07     5.48256e-04 
  330     9.89459e-07     7.41415e-07     4.77133e-04 
  340     1.45891e-05    -1.03332e-06     5.70739e-04 
  350    -2.65571e-05    -2.55239e-06     6.33095e-04 
  370     4.30860e-06    -1.72454e-06     5.08860e-04 
