    0     5.77256e-03     4.93418e-03     3.54335e-03 
    1     5.74921e-03     4.90281e-03     3.51436e-03 
    2     5.69416e-03     4.86135e-03     3.48012e-03 
    3     5.69620e-03     4.90689e-03     3.48964e-03 
    4     5.68550e-03     4.96018e-03     3.44809e-03 
    5     5.62857e-03     4.91198e-03     3.39951e-03 
    6     5.60699e-03     4.84148e-03     3.41088e-03 
    7     5.63526e-03     4.83718e-03     3.44339e-03 
    8     5.62585e-03     4.82453e-03     3.43741e-03 
    9     5.58282e-03     4.75033e-03     3.42129e-03 
   10     5.60289e-03     4.75696e-03     3.44790e-03 
   20     5.37726e-03     4.44835e-03     3.35388e-03 
   30     5.20654e-03     4.24491e-03     3.36869e-03 
   40     5.09914e-03     4.15698e-03     3.28328e-03 
   50     4.87719e-03     3.90044e-03     3.17750e-03 
   60     4.81680e-03     3.89495e-03     3.18356e-03 
   70     4.66131e-03     3.67777e-03     3.12162e-03 
   80     4.55860e-03     3.58445e-03     3.07190e-03 
   90     4.45359e-03     3.54067e-03     3.03895e-03 
  100     4.35954e-03     3.45818e-03     2.98970e-03 
  110     4.25236e-03     3.34386e-03     3.00327e-03 
  120     4.28051e-03     3.32444e-03     3.04873e-03 
  130     4.26626e-03     3.30122e-03     3.01891e-03 
  140     4.28722e-03     3.30521e-03     3.01891e-03 
  150     4.13888e-03     3.20856e-03     2.95046e-03 
  160     4.21970e-03     3.17776e-03     3.10507e-03 
  170     4.08313e-03     3.09655e-03     3.01461e-03 
  180     4.02415e-03     3.04509e-03     3.02852e-03 
  190     4.04884e-03     3.05556e-03     3.09034e-03 
  200     4.06767e-03     3.14292e-03     3.00840e-03 
  210     3.94102e-03     3.00357e-03     2.95552e-03 
  220     3.84870e-03     2.88949e-03     2.94237e-03 
  230     3.83925e-03     2.82791e-03     2.96767e-03 
  240     3.83218e-03     2.92356e-03     2.85247e-03 
  250     3.67469e-03     2.69250e-03     2.85741e-03 
  260     3.60176e-03     2.64045e-03     2.80147e-03 
  270     3.63627e-03     2.66567e-03     2.87391e-03 
  280     3.62293e-03     2.69850e-03     2.84832e-03 
  290     3.61685e-03     2.67737e-03     2.84802e-03 
  300     3.54047e-03     2.61488e-03     2.77959e-03 
  310     3.49705e-03     2.56964e-03     2.76499e-03 
  320     3.48522e-03     2.61102e-03     2.73765e-03 
  330     3.36280e-03     2.44418e-03     2.73946e-03 
  340     3.34686e-03     2.42761e-03     2.73213e-03 
  350     3.28370e-03     2.39209e-03     2.67902e-03 
  370     3.16648e-03     2.23682e-03     2.64766e-03 
