    0    -2.62041e-08    -3.78021e-09     1.29182e-06 
    1    -3.50191e-09    -1.54079e-10     5.73513e-08 
    2    -1.56067e-09    -1.34881e-10     2.48089e-08 
    3    -8.40802e-10    -1.27385e-10     1.58734e-08 
    4    -4.69753e-10    -1.21462e-11     1.18361e-08 
    5    -2.65783e-10     5.31771e-11     9.61486e-09 
    6    -1.57293e-10     5.81250e-11     8.23218e-09 
    7    -6.60558e-11     5.85604e-11     7.18773e-09 
    8    -3.35632e-12     5.82820e-11     6.44576e-09 
    9     3.06081e-11     6.12051e-11     5.92060e-09 
   10     4.42209e-11     7.87859e-11     5.53005e-09 
   20     3.07657e-11     1.18629e-10     3.82900e-09 
   30     1.09438e-10     2.70194e-10     4.73864e-09 
   40    -1.50070e-10     2.40385e-10     1.03575e-08 
   50    -1.50324e-09     6.21968e-11     7.76971e-08 
   60    -4.74587e-08     7.71731e-11     2.95109e-06 
   70     2.93866e-07     5.95717e-10     9.67521e-06 
   80    -1.46913e-06     1.93128e-09     2.51235e-04 
   90    -9.27454e-06     9.92532e-10     1.50406e-04 
  100    -3.77446e-05    -6.91811e-09     3.07446e-04 
  110    -3.00048e-05    -2.59735e-09     2.38627e-04 
  120    -2.18563e-05     4.05163e-09     3.98615e-04 
  130    -3.71515e-05     2.65784e-08     3.24419e-04 
  140    -3.81826e-05     1.58320e-07     3.14919e-04 
  150    -1.93536e-05     2.38022e-07     2.82035e-04 
  160    -4.37943e-05     1.24304e-07     2.55913e-04 
  170    -1.18791e-05     4.74761e-06     2.69111e-04 
  180     6.50938e-05     1.95410e-05     3.62379e-04 
  190     1.10128e-04     4.97326e-05     3.52288e-04 
  200     1.44002e-04     6.62253e-05     3.89081e-04 
  210     1.20985e-04     4.65460e-05     3.61646e-04 
  220     1.84187e-04     6.82300e-05     4.78166e-04 
  230     1.61982e-04     5.24171e-05     5.04187e-04 
  240     1.41730e-04     1.85042e-05     6.64306e-04 
  250     1.36138e-04     6.77056e-06     9.93421e-04 
  260     2.01248e-04     1.91797e-05     9.95591e-04 
  270     1.04475e-04     9.95159e-06     7.40818e-04 
  280     7.55075e-06    -3.22594e-07     6.73315e-04 
  290    -7.60692e-05    -6.10526e-06     7.15206e-04 
  300    -2.75042e-05    -4.62398e-06     6.04613e-04 
  310     3.36324e-05     1.80619e-06     8.82200e-04 
  320     1.78037e-04     4.42290e-05     7.23205e-04 
  330     1.92288e-04     6.96083e-05     7.69846e-04 
  340     1.38869e-04     4.09487e-05     8.56761e-04 
  350     6.57847e-05     3.41250e-05     8.63150e-04 
  370     4.29927e-05     1.94309e-06     7.80645e-04 
