    0     9.01978e-08     1.85532e-08     1.31189e-06 
    1     9.00504e-09     2.05529e-09     6.55450e-08 
    2     4.31101e-09     2.18289e-09     3.01202e-08 
    3     2.89458e-09     1.78365e-09     2.05607e-08 
    4     2.16427e-09     1.39335e-09     1.60508e-08 
    5     1.71172e-09     1.00373e-09     1.33004e-08 
    6     1.35570e-09     6.90637e-10     1.15616e-08 
    7     1.02011e-09     5.34967e-10     1.01673e-08 
    8     6.81276e-10     4.58949e-10     9.15413e-09 
    9     3.60511e-10     3.65196e-10     8.47604e-09 
   10     9.90149e-12     2.60172e-10     8.08171e-09 
   20     5.73838e-10     2.31277e-10     7.05399e-09 
   30    -1.10534e-10    -1.31461e-10     1.25167e-08 
   40    -7.62972e-10    -7.82936e-10     2.06080e-08 
   50    -1.85319e-10    -1.36063e-10     1.80196e-07 
   60    -4.43029e-07     1.89738e-09     7.88051e-06 
   70    -6.18489e-07     1.01164e-08     2.49720e-05 
   80    -7.05480e-06    -2.55670e-08     3.67398e-04 
   90     5.16037e-05     4.32046e-09     3.51115e-04 
  100    -1.24439e-04    -2.62814e-09     7.91776e-04 
  110    -7.06136e-05    -2.36091e-07     6.76675e-04 
  120    -1.11502e-04     1.15772e-07     8.82193e-04 
  130     1.09600e-04     1.41597e-06     9.07797e-04 
  140     1.09760e-04     9.57848e-08     9.42587e-04 
  150    -2.19657e-05    -1.50739e-07     8.73121e-04 
  160    -5.82559e-05    -2.27732e-07     8.21635e-04 
  170     1.61398e-04     4.41306e-06     9.29999e-04 
  180    -1.22392e-04    -2.62156e-06     9.06481e-04 
  190    -2.45400e-04    -4.11210e-05     9.37238e-04 
  200    -6.23555e-05    -6.32473e-07     1.10433e-03 
  210     1.20030e-04     3.72420e-05     1.26094e-03 
  220     2.10858e-04     1.07088e-04     1.57147e-03 
  230     1.42332e-04     3.28266e-05     1.58233e-03 
  240    -5.14951e-04    -3.22974e-05     2.05464e-03 
  250     5.27635e-05    -1.47136e-05     2.80385e-03 
  260    -1.88513e-04    -5.23423e-06     2.64394e-03 
  270     5.70992e-04     1.22431e-04     2.39703e-03 
  280     1.38919e-05     3.92125e-05     2.24541e-03 
  290     1.90800e-04     1.62926e-05     2.03808e-03 
  300    -4.42632e-04    -4.39277e-05     2.08865e-03 
  310     4.01239e-05    -1.81493e-05     2.30971e-03 
  320     3.89314e-04     5.15648e-05     2.43557e-03 
  330     2.55501e-04     4.46155e-05     2.17225e-03 
  340    -4.85771e-04    -2.10666e-05     2.94624e-03 
  350    -2.52064e-05    -2.11524e-05     2.38122e-03 
  370     1.32410e-04    -1.68010e-05     2.46505e-03 
