    0     1.56737e-08     2.52628e-09     1.29876e-06 
    1     3.42703e-09     4.96012e-10     5.67202e-08 
    2     2.55319e-09     8.02173e-10     2.75241e-08 
    3     2.15235e-09     7.32549e-10     2.01005e-08 
    4     1.89797e-09     5.89138e-10     1.65355e-08 
    5     1.74477e-09     5.04309e-10     1.43346e-08 
    6     1.63394e-09     5.31641e-10     1.29932e-08 
    7     1.46571e-09     4.82503e-10     1.19988e-08 
    8     1.32743e-09     4.27034e-10     1.13026e-08 
    9     1.27561e-09     4.06716e-10     1.08412e-08 
   10     1.27387e-09     4.54534e-10     1.04976e-08 
   20     1.51111e-09     4.91137e-10     1.02041e-08 
   30    -4.11540e-11    -2.89769e-10     1.58436e-08 
   40    -9.89491e-10    -9.68325e-10     2.81269e-08 
   50     6.07911e-09    -1.27018e-09     2.16323e-07 
   60     8.03659e-07     1.20653e-09     1.02385e-05 
   70     2.70165e-07     8.28437e-10     2.97561e-05 
   80    -3.94896e-06    -2.15499e-08     3.60998e-04 
   90     2.33448e-05    -8.21146e-08     5.30735e-04 
  100     2.64053e-04     1.27202e-07     1.11791e-03 
  110     3.84541e-04     2.51471e-05     9.14690e-04 
  120     3.72637e-04     7.09897e-05     1.03566e-03 
  130     5.02897e-04     1.58024e-04     1.34470e-03 
  140     5.15309e-04     1.99087e-04     1.11240e-03 
  150     3.23753e-04     1.52039e-04     1.23894e-03 
  160     4.23713e-04     1.54052e-04     1.03079e-03 
  170     5.75286e-04     2.81144e-04     1.24746e-03 
  180     2.94931e-04     1.70593e-04     1.32960e-03 
  190    -5.13197e-05     2.18879e-05     1.40408e-03 
  200    -3.90121e-04    -5.40075e-05     1.42214e-03 
  210    -2.78161e-04    -3.88801e-05     1.72562e-03 
  220    -6.94345e-04    -2.25449e-04     1.99362e-03 
  230    -1.10893e-03    -4.79285e-04     2.10706e-03 
  240    -1.09617e-03    -3.28663e-04     2.89729e-03 
  250    -7.03847e-04    -1.27565e-04     3.36214e-03 
  260    -9.25002e-04    -2.37917e-04     3.53244e-03 
  270    -6.11524e-04    -1.98002e-04     3.30142e-03 
  280    -3.20716e-04    -1.43283e-04     2.93416e-03 
  290     5.28523e-04    -2.87105e-05     2.87991e-03 
  300     7.17612e-04     3.56578e-05     2.80108e-03 
  310     8.01106e-04     1.27764e-04     3.27427e-03 
  320     4.08984e-04     4.13912e-05     3.31546e-03 
  330    -2.39800e-04    -1.04488e-04     3.05709e-03 
  340    -5.49694e-04    -1.83999e-04     3.95551e-03 
  350    -4.28366e-04    -2.16013e-04     3.32324e-03 
  370     6.93076e-05    -1.07938e-04     3.37060e-03 
