    0    -1.10308e-08    -1.43498e-09     1.27562e-06 
    1    -6.49609e-10    -2.35434e-10     4.63971e-08 
    2    -5.16022e-10    -3.47611e-10     2.13526e-08 
    3    -6.99410e-10    -4.11724e-10     1.51567e-08 
    4    -9.37225e-10    -4.59385e-10     1.24158e-08 
    5    -1.08723e-09    -6.45733e-10     1.09557e-08 
    6    -1.18980e-09    -8.01412e-10     1.01175e-08 
    7    -1.30929e-09    -8.97089e-10     9.57388e-09 
    8    -1.42003e-09    -1.00745e-09     9.20763e-09 
    9    -1.44986e-09    -1.01878e-09     8.95197e-09 
   10    -1.38157e-09    -9.07245e-10     8.67081e-09 
   20     7.61454e-10     1.01489e-11     8.39054e-09 
   30    -1.17365e-09    -9.03477e-10     1.07439e-08 
   40     1.31146e-09    -3.21491e-10     2.17350e-08 
   50     1.69703e-09     1.39083e-09     1.42822e-07 
   60    -1.26737e-08     3.54745e-09     7.20307e-06 
   70    -4.32741e-07    -1.07496e-08     1.88420e-05 
   80     1.47324e-06    -1.89790e-08     2.41709e-04 
   90    -4.97872e-05     2.10450e-09     4.20130e-04 
  100    -6.94542e-05    -9.93008e-08     8.76452e-04 
  110     8.72358e-05     5.24012e-08     7.56233e-04 
  120     6.53953e-05     1.53122e-06     7.58852e-04 
  130     6.53479e-05    -7.97637e-08     1.15211e-03 
  140    -6.44953e-05    -1.97236e-07     8.36022e-04 
  150    -1.11015e-04    -6.91658e-07     9.71883e-04 
  160     2.48504e-05     1.11089e-06     7.93964e-04 
  170     7.58611e-05     5.43921e-07     1.03100e-03 
  180    -2.42697e-04    -2.09921e-05     1.04632e-03 
  190     1.44145e-04     5.33105e-06     1.07279e-03 
  200     2.08017e-04     5.84399e-05     1.03927e-03 
  210     2.63171e-04     6.17771e-05     1.23569e-03 
  220    -1.46884e-04    -1.30827e-06     1.47772e-03 
  230    -7.25581e-05    -2.62435e-05     1.84948e-03 
  240    -3.97699e-04    -2.39762e-05     2.32646e-03 
  250     5.21015e-04     5.45374e-05     2.16079e-03 
  260     3.81812e-04     9.36818e-05     2.68211e-03 
  270    -2.95637e-04     1.39482e-06     2.38199e-03 
  280    -1.99502e-04    -2.78298e-05     2.02081e-03 
  290    -2.59054e-04    -4.11741e-05     2.19847e-03 
  300    -4.20162e-04    -7.50216e-05     1.99810e-03 
  310     5.63780e-04     8.10072e-05     2.54711e-03 
  320    -1.33787e-04    -3.03523e-06     2.36914e-03 
  330    -4.48055e-04    -6.23398e-05     2.24683e-03 
  340    -4.04040e-04    -9.79558e-05     2.76079e-03 
  350     4.47261e-04     5.08730e-05     2.47101e-03 
  370     3.64539e-04     1.08009e-04     2.39794e-03 
