    0     1.30696e-02     1.22656e-02     5.39670e-03 
    1     1.22794e-02     1.14041e-02     5.33636e-03 
    2     1.21226e-02     1.12162e-02     5.41074e-03 
    3     1.20640e-02     1.12209e-02     5.08764e-03 
    4     1.20971e-02     1.12596e-02     5.05477e-03 
    5     1.20869e-02     1.12560e-02     5.12713e-03 
    6     1.20980e-02     1.12404e-02     5.03099e-03 
    7     1.21555e-02     1.13527e-02     5.06181e-03 
    8     1.21918e-02     1.12951e-02     5.17304e-03 
    9     1.21691e-02     1.12415e-02     5.15674e-03 
   10     1.21401e-02     1.12446e-02     4.96050e-03 
   20     1.21804e-02     1.09360e-02     6.13518e-03 
   30     1.18120e-02     1.06899e-02     5.59179e-03 
   40     1.20439e-02     1.07582e-02     6.34512e-03 
   50     1.19109e-02     1.06621e-02     6.26929e-03 
   60     1.15192e-02     1.03553e-02     5.86216e-03 
   70     1.15254e-02     1.03875e-02     5.94176e-03 
   80     1.15927e-02     1.03312e-02     6.01900e-03 
   90     1.20255e-02     1.07731e-02     6.33496e-03 
  100     1.25587e-02     1.08476e-02     7.25848e-03 
  110     1.35633e-02     1.16435e-02     7.67749e-03 
  120     1.33704e-02     1.17084e-02     7.30124e-03 
  130     1.26421e-02     1.12093e-02     6.96700e-03 
  140     1.28874e-02     1.13780e-02     6.79671e-03 
  150     1.30141e-02     1.15277e-02     6.90775e-03 
  160     1.32499e-02     1.16943e-02     6.86337e-03 
  170     1.31213e-02     1.14792e-02     7.30242e-03 
  180     1.27193e-02     1.10736e-02     6.80042e-03 
  190     1.28126e-02     1.12475e-02     7.01968e-03 
  200     1.27149e-02     1.13891e-02     6.59368e-03 
  210     1.23207e-02     1.08465e-02     6.31291e-03 
  220     1.20773e-02     1.05705e-02     6.53307e-03 
  230     1.18440e-02     1.02677e-02     6.09423e-03 
  240     1.26449e-02     1.10861e-02     6.73372e-03 
  250     1.29447e-02     1.12237e-02     6.92011e-03 
  260     1.36142e-02     1.17482e-02     7.32290e-03 
  270     1.37826e-02     1.19670e-02     7.50035e-03 
  280     1.33885e-02     1.13754e-02     7.61544e-03 
  290     1.25068e-02     1.08532e-02     6.44420e-03 
  300     1.19842e-02     1.02562e-02     6.78054e-03 
  310     1.20541e-02     1.03345e-02     6.53323e-03 
  320     1.21289e-02     1.02806e-02     7.85965e-03 
  330     1.18808e-02     1.01736e-02     6.77621e-03 
  340     1.19662e-02     9.95465e-03     7.82022e-03 
  350     1.21048e-02     1.01607e-02     7.06003e-03 
  370     1.17949e-02     9.94780e-03     7.04815e-03 
