    0    -6.39659e+00    -6.33012e+00     6.46062e-01 
    1    -7.65780e+00    -7.58614e+00     5.73780e-01 
    2    -7.98810e+00    -7.91581e+00     5.54123e-01 
    3    -8.17209e+00    -8.10681e+00     5.50941e-01 
    4    -8.29551e+00    -8.23368e+00     5.52977e-01 
    5    -8.39046e+00    -8.33145e+00     5.57599e-01 
    6    -8.45532e+00    -8.39286e+00     5.58813e-01 
    7    -8.51165e+00    -8.44244e+00     5.61590e-01 
    8    -8.56091e+00    -8.48664e+00     5.64960e-01 
    9    -8.59999e+00    -8.52227e+00     5.67150e-01 
   10    -8.62883e+00    -8.55339e+00     5.72071e-01 
   20    -8.74323e+00    -8.67628e+00     6.04657e-01 
   30    -8.66269e+00    -8.59561e+00     6.35868e-01 
   40    -8.51267e+00    -8.45191e+00     6.53433e-01 
   50    -8.31485e+00    -8.28632e+00     7.31893e-01 
   60    -7.89827e+00    -8.01136e+00     9.53532e-01 
   70    -7.14545e+00    -7.30578e+00     1.21962e+00 
   80    -6.47662e+00    -6.55918e+00     1.45510e+00 
   90    -5.70810e+00    -5.56459e+00     1.65414e+00 
  100    -5.14729e+00    -4.90043e+00     1.63724e+00 
  110    -4.73910e+00    -4.35498e+00     1.56753e+00 
  120    -4.46336e+00    -4.03805e+00     1.45878e+00 
  130    -4.27554e+00    -3.88711e+00     1.34987e+00 
  140    -4.06702e+00    -3.74197e+00     1.27260e+00 
  150    -4.01561e+00    -3.71852e+00     1.16186e+00 
  160    -4.01282e+00    -3.75729e+00     1.09295e+00 
  170    -3.86966e+00    -3.61442e+00     1.02494e+00 
  180    -3.91806e+00    -3.71514e+00     9.45591e-01 
  190    -3.85580e+00    -3.65334e+00     9.39081e-01 
  200    -3.75457e+00    -3.58737e+00     9.16033e-01 
  210    -3.66731e+00    -3.49870e+00     8.66390e-01 
  220    -3.52968e+00    -3.34146e+00     8.74804e-01 
  230    -3.54140e+00    -3.37875e+00     8.71047e-01 
  240    -3.48405e+00    -3.32187e+00     9.02370e-01 
  250    -3.47073e+00    -3.31805e+00     8.88801e-01 
  260    -3.41195e+00    -3.25481e+00     8.52229e-01 
  270    -3.36531e+00    -3.25375e+00     8.19515e-01 
  280    -3.39521e+00    -3.28278e+00     8.06082e-01 
  290    -3.40959e+00    -3.29479e+00     7.69651e-01 
  300    -3.37550e+00    -3.24650e+00     7.91324e-01 
  310    -3.31914e+00    -3.20093e+00     7.66452e-01 
  320    -3.28758e+00    -3.15223e+00     7.41632e-01 
  330    -3.28421e+00    -3.15414e+00     7.36678e-01 
  340    -3.21963e+00    -3.09385e+00     7.66696e-01 
  350    -3.22696e+00    -3.11341e+00     7.09734e-01 
  370    -3.19191e+00    -3.08297e+00     6.87889e-01 
