    0    -2.33232e+00    -2.30679e+00     3.02334e-01 
    1    -2.33315e+00    -2.30956e+00     3.00832e-01 
    2    -2.33665e+00    -2.31324e+00     2.99508e-01 
    3    -2.33694e+00    -2.30919e+00     3.00388e-01 
    4    -2.33636e+00    -2.30450e+00     2.98608e-01 
    5    -2.33886e+00    -2.30874e+00     2.94780e-01 
    6    -2.34096e+00    -2.31502e+00     2.94650e-01 
    7    -2.33962e+00    -2.31541e+00     2.95874e-01 
    8    -2.34019e+00    -2.31654e+00     2.95396e-01 
    9    -2.34303e+00    -2.32328e+00     2.93714e-01 
   10    -2.34175e+00    -2.32267e+00     2.93719e-01 
   20    -2.35892e+00    -2.35180e+00     2.89798e-01 
   30    -2.38029e+00    -2.37213e+00     3.02344e-01 
   40    -2.38627e+00    -2.38122e+00     2.95607e-01 
   50    -2.40473e+00    -2.40889e+00     2.91578e-01 
   60    -2.41418e+00    -2.40950e+00     2.99056e-01 
   70    -2.42697e+00    -2.43442e+00     2.93453e-01 
   80    -2.43680e+00    -2.44558e+00     2.92715e-01 
   90    -2.44971e+00    -2.45092e+00     2.98471e-01 
  100    -2.45976e+00    -2.46115e+00     3.00123e-01 
  110    -2.47554e+00    -2.47575e+00     3.07050e-01 
  120    -2.47320e+00    -2.47828e+00     3.05919e-01 
  130    -2.47254e+00    -2.48133e+00     3.02896e-01 
  140    -2.46696e+00    -2.48080e+00     2.95903e-01 
  150    -2.48491e+00    -2.49369e+00     3.00265e-01 
  160    -2.48517e+00    -2.49788e+00     3.14473e-01 
  170    -2.49656e+00    -2.50912e+00     3.09008e-01 
  180    -2.50573e+00    -2.51640e+00     3.11914e-01 
  190    -2.50835e+00    -2.51491e+00     3.20332e-01 
  200    -2.50110e+00    -2.50267e+00     3.14863e-01 
  210    -2.51677e+00    -2.52236e+00     3.16687e-01 
  220    -2.52858e+00    -2.53918e+00     3.16972e-01 
  230    -2.53154e+00    -2.54853e+00     3.18635e-01 
  240    -2.52483e+00    -2.53409e+00     3.10033e-01 
  250    -2.54773e+00    -2.56984e+00     3.12179e-01 
  260    -2.55744e+00    -2.57832e+00     3.14823e-01 
  270    -2.55799e+00    -2.57419e+00     3.22216e-01 
  280    -2.55687e+00    -2.56888e+00     3.18574e-01 
  290    -2.55489e+00    -2.57229e+00     3.12288e-01 
  300    -2.56433e+00    -2.58255e+00     3.12757e-01 
  310    -2.57078e+00    -2.59013e+00     3.13734e-01 
  320    -2.57132e+00    -2.58319e+00     3.13680e-01 
  330    -2.59255e+00    -2.61187e+00     3.19030e-01 
  340    -2.59582e+00    -2.61482e+00     3.22368e-01 
  350    -2.59977e+00    -2.62122e+00     3.13227e-01 
  370    -2.61886e+00    -2.65037e+00     3.15094e-01 
