    0    -6.43911e+00    -6.39334e+00     6.45705e-01 
    1    -7.80741e+00    -7.72342e+00     5.79129e-01 
    2    -8.15524e+00    -8.07581e+00     5.78293e-01 
    3    -8.30929e+00    -8.24022e+00     5.68198e-01 
    4    -8.40711e+00    -8.34239e+00     5.68648e-01 
    5    -8.47945e+00    -8.41690e+00     5.73840e-01 
    6    -8.52316e+00    -8.46844e+00     5.70108e-01 
    7    -8.55877e+00    -8.49750e+00     5.70346e-01 
    8    -8.57794e+00    -8.52324e+00     5.62257e-01 
    9    -8.59715e+00    -8.54082e+00     5.65693e-01 
   10    -8.61625e+00    -8.55914e+00     5.71450e-01 
   20    -8.70309e+00    -8.64671e+00     6.22124e-01 
   30    -8.65950e+00    -8.59155e+00     6.07405e-01 
   40    -8.48631e+00    -8.43735e+00     6.47774e-01 
   50    -8.32849e+00    -8.31674e+00     7.11780e-01 
   60    -7.90143e+00    -8.01232e+00     9.65381e-01 
   70    -7.17843e+00    -7.32873e+00     1.22755e+00 
   80    -6.45878e+00    -6.49962e+00     1.45521e+00 
   90    -5.68763e+00    -5.45666e+00     1.69650e+00 
  100    -5.09670e+00    -4.77661e+00     1.67521e+00 
  110    -4.71600e+00    -4.27516e+00     1.60793e+00 
  120    -4.47129e+00    -4.07878e+00     1.43717e+00 
  130    -4.20786e+00    -3.82936e+00     1.37916e+00 
  140    -4.11994e+00    -3.74692e+00     1.27286e+00 
  150    -4.01335e+00    -3.73731e+00     1.15690e+00 
  160    -3.97302e+00    -3.68979e+00     1.10028e+00 
  170    -3.88877e+00    -3.65008e+00     1.02696e+00 
  180    -3.90120e+00    -3.67993e+00     9.42618e-01 
  190    -3.84796e+00    -3.65841e+00     9.41574e-01 
  200    -3.73603e+00    -3.50676e+00     9.30227e-01 
  210    -3.66852e+00    -3.50521e+00     8.66906e-01 
  220    -3.59404e+00    -3.41984e+00     8.80163e-01 
  230    -3.48401e+00    -3.28412e+00     8.92068e-01 
  240    -3.49241e+00    -3.32687e+00     8.87892e-01 
  250    -3.47992e+00    -3.30421e+00     8.71029e-01 
  260    -3.39989e+00    -3.26956e+00     8.60377e-01 
  270    -3.38881e+00    -3.25504e+00     8.15243e-01 
  280    -3.42905e+00    -3.30362e+00     7.96134e-01 
  290    -3.38523e+00    -3.27015e+00     7.76358e-01 
  300    -3.37847e+00    -3.24009e+00     7.77444e-01 
  310    -3.32550e+00    -3.20297e+00     7.80388e-01 
  320    -3.29706e+00    -3.15724e+00     7.70656e-01 
  330    -3.28915e+00    -3.16813e+00     7.26746e-01 
  340    -3.22871e+00    -3.10253e+00     7.44779e-01 
  350    -3.21903e+00    -3.11144e+00     7.17337e-01 
  370    -3.21471e+00    -3.11832e+00     6.84534e-01 
