    0    -6.44065e+00    -6.40127e+00     6.47784e-01 
    1    -7.71749e+00    -7.63918e+00     5.73327e-01 
    2    -8.06162e+00    -7.98391e+00     5.57943e-01 
    3    -8.26072e+00    -8.18505e+00     5.51253e-01 
    4    -8.39690e+00    -8.32540e+00     5.47348e-01 
    5    -8.50012e+00    -8.43563e+00     5.42821e-01 
    6    -8.58006e+00    -8.51330e+00     5.43085e-01 
    7    -8.64646e+00    -8.57568e+00     5.36741e-01 
    8    -8.70291e+00    -8.63025e+00     5.33380e-01 
    9    -8.75162e+00    -8.67648e+00     5.35138e-01 
   10    -8.79497e+00    -8.71940e+00     5.36868e-01 
   20    -9.07135e+00    -9.00082e+00     5.99484e-01 
   30    -9.05195e+00    -8.99649e+00     5.91290e-01 
   40    -8.94796e+00    -8.92101e+00     6.13925e-01 
   50    -8.81279e+00    -8.82569e+00     7.14811e-01 
   60    -8.42994e+00    -8.56170e+00     9.74398e-01 
   70    -7.75887e+00    -7.94989e+00     1.27092e+00 
   80    -7.05041e+00    -7.15000e+00     1.54218e+00 
   90    -6.27464e+00    -5.99173e+00     1.74796e+00 
  100    -5.59727e+00    -5.29793e+00     1.67855e+00 
  110    -5.26326e+00    -4.84286e+00     1.59089e+00 
  120    -5.02994e+00    -4.66326e+00     1.44914e+00 
  130    -4.84319e+00    -4.54623e+00     1.34644e+00 
  140    -4.69030e+00    -4.35944e+00     1.26251e+00 
  150    -4.58390e+00    -4.26521e+00     1.17862e+00 
  160    -4.49702e+00    -4.21657e+00     1.07919e+00 
  170    -4.45194e+00    -4.18233e+00     1.03399e+00 
  180    -4.39244e+00    -4.13678e+00     9.48391e-01 
  190    -4.22496e+00    -3.95131e+00     9.41662e-01 
  200    -4.14851e+00    -3.92492e+00     9.18734e-01 
  210    -4.14136e+00    -3.94935e+00     9.04889e-01 
  220    -4.04044e+00    -3.83736e+00     8.89658e-01 
  230    -3.98353e+00    -3.79038e+00     8.72825e-01 
  240    -3.96352e+00    -3.76167e+00     8.82611e-01 
  250    -3.95051e+00    -3.76234e+00     8.95653e-01 
  260    -3.87459e+00    -3.68760e+00     9.07255e-01 
  270    -3.87676e+00    -3.67146e+00     8.75024e-01 
  280    -3.90959e+00    -3.71488e+00     8.59083e-01 
  290    -3.87907e+00    -3.68171e+00     8.48183e-01 
  300    -3.88538e+00    -3.69815e+00     8.03089e-01 
  310    -3.83729e+00    -3.67065e+00     8.00948e-01 
  320    -3.81583e+00    -3.63379e+00     8.15994e-01 
  330    -3.75873e+00    -3.56056e+00     7.99614e-01 
  340    -3.72422e+00    -3.52617e+00     7.85482e-01 
  350    -3.72428e+00    -3.54706e+00     7.57016e-01 
  370            -inf    -3.58095e+00             nan 
