    0    -2.64374e+00    -2.53503e+00     6.87900e-01 
    1    -2.64157e+00    -2.54090e+00     6.89490e-01 
    2    -2.63983e+00    -2.53968e+00     6.90105e-01 
    3    -2.63653e+00    -2.53481e+00     6.89662e-01 
    4    -2.63630e+00    -2.53769e+00     6.89748e-01 
    5    -2.63633e+00    -2.53845e+00     6.90348e-01 
    6    -2.63440e+00    -2.53724e+00     6.89847e-01 
    7    -2.63204e+00    -2.53247e+00     6.89697e-01 
    8    -2.63046e+00    -2.53106e+00     6.89257e-01 
    9    -2.62792e+00    -2.52697e+00     6.90938e-01 
   10    -2.62335e+00    -2.52099e+00     6.92768e-01 
   20    -2.63164e+00    -2.53163e+00     6.94376e-01 
   30    -2.62850e+00    -2.52265e+00     6.99920e-01 
   40    -2.61379e+00    -2.51947e+00     7.03937e-01 
   50    -2.61562e+00    -2.52089e+00     7.06306e-01 
   60    -2.58634e+00    -2.49180e+00     7.16257e-01 
   70    -2.58633e+00    -2.48541e+00     7.07756e-01 
   80    -2.56688e+00    -2.46149e+00     7.23617e-01 
   90    -2.56064e+00    -2.47625e+00     7.32630e-01 
  100    -2.55015e+00    -2.46158e+00     7.35939e-01 
  110    -2.57919e+00    -2.48851e+00     7.21353e-01 
  120    -2.59183e+00    -2.49010e+00     7.03499e-01 
  130    -2.58517e+00    -2.48918e+00     7.06870e-01 
  140    -2.56457e+00    -2.46371e+00     7.18973e-01 
  150    -2.56975e+00    -2.46191e+00     7.04969e-01 
  160    -2.58591e+00    -2.50788e+00     7.08855e-01 
  170    -2.59110e+00    -2.50156e+00     7.11667e-01 
  180    -2.60943e+00    -2.50609e+00     6.88926e-01 
  190    -2.60568e+00    -2.50321e+00     6.96507e-01 
  200    -2.59373e+00    -2.48928e+00     7.03835e-01 
  210    -2.59345e+00    -2.48871e+00     6.98094e-01 
  220    -2.60386e+00    -2.51258e+00     6.97573e-01 
  230    -2.58698e+00    -2.49583e+00     7.05418e-01 
  240    -2.56975e+00    -2.48689e+00     7.31091e-01 
  250    -2.60179e+00    -2.50814e+00     7.04958e-01 
  260    -2.61744e+00    -2.52646e+00     7.06738e-01 
  270    -2.63326e+00    -2.54493e+00     6.88987e-01 
  280    -2.64319e+00    -2.55274e+00     6.82140e-01 
  290    -2.63924e+00    -2.53714e+00     6.87928e-01 
  300    -2.63543e+00    -2.54638e+00     6.84803e-01 
  310    -2.63749e+00    -2.54751e+00     6.90145e-01 
  320    -2.62393e+00    -2.53634e+00     6.97961e-01 
  330    -2.64713e+00    -2.54572e+00     6.85519e-01 
  340    -2.62887e+00    -2.54789e+00     7.02346e-01 
  350    -2.62723e+00    -2.54121e+00     7.07004e-01 
  370    -2.63187e+00    -2.53498e+00     6.82947e-01 
