    0    -1.91238e+00    -1.91131e+00     1.53663e-01 
    1    -1.94223e+00    -1.94294e+00     1.60429e-01 
    2    -1.94908e+00    -1.95015e+00     1.63205e-01 
    3    -1.94912e+00    -1.94997e+00     1.59242e-01 
    4    -1.94772e+00    -1.94848e+00     1.58751e-01 
    5    -1.94824e+00    -1.94862e+00     1.58460e-01 
    6    -1.94770e+00    -1.94922e+00     1.58686e-01 
    7    -1.94559e+00    -1.94490e+00     1.58788e-01 
    8    -1.94461e+00    -1.94711e+00     1.58731e-01 
    9    -1.94547e+00    -1.94918e+00     1.58722e-01 
   10    -1.94609e+00    -1.94906e+00     1.58716e-01 
   20    -1.95341e+00    -1.96114e+00     1.76214e-01 
   30    -1.96687e+00    -1.97103e+00     1.80067e-01 
   40    -1.96063e+00    -1.96826e+00     1.81983e-01 
   50    -1.96592e+00    -1.97216e+00     1.82461e-01 
   60    -1.97922e+00    -1.98484e+00     1.80614e-01 
   70    -1.98044e+00    -1.98349e+00     1.84244e-01 
   80    -1.97896e+00    -1.98585e+00     1.86980e-01 
   90    -1.96642e+00    -1.96766e+00     1.95896e-01 
  100    -1.95274e+00    -1.96466e+00     2.04272e-01 
  110    -1.92582e+00    -1.93392e+00     2.21592e-01 
  120    -1.92710e+00    -1.93150e+00     2.12745e-01 
  130    -1.94749e+00    -1.95042e+00     2.01924e-01 
  140    -1.93872e+00    -1.94393e+00     2.03400e-01 
  150    -1.93575e+00    -1.93826e+00     2.06332e-01 
  160    -1.92651e+00    -1.93203e+00     2.03186e-01 
  170    -1.93643e+00    -1.94009e+00     2.14078e-01 
  180    -1.94560e+00    -1.95571e+00     2.04481e-01 
  190    -1.94200e+00    -1.94894e+00     2.03193e-01 
  200    -1.94286e+00    -1.94351e+00     2.00002e-01 
  210    -1.95747e+00    -1.96471e+00     2.02428e-01 
  220    -1.96550e+00    -1.97591e+00     1.96961e-01 
  230    -1.97261e+00    -1.98853e+00     1.95312e-01 
  240    -1.94648e+00    -1.95522e+00     2.00488e-01 
  250    -1.93622e+00    -1.94986e+00     1.99416e-01 
  260    -1.91670e+00    -1.93003e+00     2.05300e-01 
  270    -1.91249e+00    -1.92201e+00     2.07554e-01 
  280    -1.92549e+00    -1.94403e+00     2.05902e-01 
  290    -1.94801e+00    -1.96444e+00     1.92642e-01 
  300    -1.97049e+00    -1.98901e+00     1.97701e-01 
  310    -1.96619e+00    -1.98571e+00     1.94935e-01 
  320    -1.96883e+00    -1.98798e+00     2.00236e-01 
  330    -1.97376e+00    -1.99253e+00     1.95741e-01 
  340    -1.97876e+00    -2.00197e+00     2.08016e-01 
  350    -1.97131e+00    -1.99308e+00     2.08027e-01 
  370    -1.98456e+00    -2.00227e+00     2.12288e-01 
