    0    -6.43790e+00    -6.39618e+00     6.45739e-01 
    1    -7.71780e+00    -7.64064e+00     5.70611e-01 
    2    -8.02711e+00    -7.95220e+00     5.51159e-01 
    3    -8.17111e+00    -8.10210e+00     5.43627e-01 
    4    -8.25912e+00    -8.19406e+00     5.42148e-01 
    5    -8.32260e+00    -8.26144e+00     5.41981e-01 
    6    -8.36347e+00    -8.30181e+00     5.40974e-01 
    7    -8.39661e+00    -8.32923e+00     5.40660e-01 
    8    -8.42178e+00    -8.35006e+00     5.38047e-01 
    9    -8.44150e+00    -8.36580e+00     5.39626e-01 
   10    -8.45489e+00    -8.37899e+00     5.39221e-01 
   20    -8.49501e+00    -8.43510e+00     5.57102e-01 
   30    -8.41752e+00    -8.36123e+00     5.57278e-01 
   40    -8.26390e+00    -8.21720e+00     5.93699e-01 
   50    -8.07317e+00    -8.07054e+00     6.59003e-01 
   60    -7.65639e+00    -7.79859e+00     9.17025e-01 
   70    -6.91538e+00    -7.07012e+00     1.18560e+00 
   80    -6.21991e+00    -6.30178e+00     1.40229e+00 
   90    -5.43196e+00    -5.22807e+00     1.64512e+00 
  100    -4.88658e+00    -4.63053e+00     1.62968e+00 
  110    -4.48014e+00    -4.02875e+00     1.55920e+00 
  120    -4.21293e+00    -3.77355e+00     1.41540e+00 
  130    -3.99117e+00    -3.57225e+00     1.33768e+00 
  140    -3.86320e+00    -3.48061e+00     1.25410e+00 
  150    -3.76507e+00    -3.44730e+00     1.13279e+00 
  160    -3.74180e+00    -3.45722e+00     1.06852e+00 
  170    -3.64290e+00    -3.36541e+00     9.94353e-01 
  180    -3.68798e+00    -3.44177e+00     9.10150e-01 
  190    -3.63790e+00    -3.43440e+00     9.12458e-01 
  200    -3.50733e+00    -3.28818e+00     8.86720e-01 
  210    -3.43322e+00    -3.24781e+00     8.27279e-01 
  220    -3.32354e+00    -3.13633e+00     8.29323e-01 
  230    -3.26779e+00    -3.06477e+00     8.39530e-01 
  240    -3.24260e+00    -3.04996e+00     8.58355e-01 
  250    -3.22859e+00    -3.03723e+00     8.32177e-01 
  260    -3.16339e+00    -3.01343e+00     8.08484e-01 
  270    -3.13845e+00    -2.99899e+00     7.73500e-01 
  280    -3.17235e+00    -3.04132e+00     7.50253e-01 
  290    -3.17173e+00    -3.03330e+00     7.33112e-01 
  300    -3.12507e+00    -2.95624e+00     7.34932e-01 
  310    -3.08857e+00    -2.95157e+00     7.33136e-01 
  320    -3.05531e+00    -2.90076e+00     7.05163e-01 
  330    -3.05569e+00    -2.90776e+00     6.82978e-01 
  340    -2.98311e+00    -2.83943e+00     7.02717e-01 
  350    -2.98112e+00    -2.84186e+00     6.60906e-01 
  370    -2.95797e+00    -2.84723e+00     6.21913e-01 
