    0    -6.44965e+00    -6.40446e+00     6.48643e-01 
    1    -7.79939e+00    -7.72739e+00     5.78686e-01 
    2    -8.11656e+00    -8.04310e+00     5.68276e-01 
    3    -8.28531e+00    -8.21348e+00     5.60228e-01 
    4    -8.40532e+00    -8.33676e+00     5.56485e-01 
    5    -8.50263e+00    -8.43938e+00     5.50643e-01 
    6    -8.58467e+00    -8.52060e+00     5.51063e-01 
    7    -8.65766e+00    -8.59617e+00     5.48674e-01 
    8    -8.71623e+00    -8.66115e+00     5.46132e-01 
    9    -8.76421e+00    -8.71330e+00     5.45717e-01 
   10    -8.80630e+00    -8.75501e+00     5.47142e-01 
   20    -9.03697e+00    -8.98984e+00     5.70419e-01 
   30    -9.03719e+00    -8.98756e+00     5.61925e-01 
   40    -8.99267e+00    -8.96602e+00     6.28481e-01 
   50    -8.82429e+00    -8.85415e+00     7.16520e-01 
   60    -8.54885e+00    -8.66584e+00     9.50225e-01 
   70    -7.90052e+00    -8.13742e+00     1.20116e+00 
   80    -7.25691e+00    -7.48654e+00     1.48682e+00 
   90    -6.28325e+00    -6.16872e+00     1.74305e+00 
  100    -5.69404e+00    -5.39989e+00     1.57463e+00 
  110    -5.32356e+00    -4.87657e+00     1.49631e+00 
  120    -5.08323e+00    -4.79845e+00     1.34429e+00 
  130    -4.91475e+00    -4.64580e+00     1.24320e+00 
  140    -4.81455e+00    -4.57724e+00     1.10974e+00 
  150    -4.71821e+00    -4.50232e+00     1.01258e+00 
  160    -4.70144e+00    -4.49144e+00     9.62807e-01 
  170    -4.70043e+00    -4.50730e+00     8.83481e-01 
  180    -4.62918e+00    -4.46320e+00     8.57129e-01 
  190    -4.58547e+00    -4.44217e+00     8.72010e-01 
  200    -4.52117e+00    -4.37376e+00     8.78661e-01 
  210    -4.48355e+00    -4.32658e+00     8.45982e-01 
  220    -4.42965e+00    -4.28402e+00     8.48270e-01 
  230    -4.34908e+00    -4.19128e+00     8.54428e-01 
  240    -4.26361e+00    -4.08723e+00     8.61323e-01 
  250    -4.25258e+00    -4.10270e+00     8.41999e-01 
  260    -4.17942e+00    -4.04659e+00     8.65260e-01 
  270    -4.18759e+00    -4.03117e+00     8.29133e-01 
  280    -4.13182e+00    -3.95460e+00     8.09259e-01 
  290    -4.17355e+00    -3.99658e+00     7.73577e-01 
  300    -4.19936e+00    -4.05187e+00     7.72506e-01 
  310    -4.19343e+00    -4.03739e+00     7.82233e-01 
  320    -4.13399e+00    -3.98671e+00     7.65119e-01 
  330    -4.13001e+00    -4.00265e+00     7.79020e-01 
  340    -4.06930e+00    -3.90765e+00     7.67410e-01 
  350    -4.04893e+00    -3.88952e+00     7.55547e-01 
  370    -4.00838e+00    -3.86164e+00     7.15980e-01 
